 
1	1	0.99	0.667	0.687	0.71 
1	2	0.667	0.99	0.62	0.71 
1	3	0.687	0.62	0.99	0.739 
1	4	0.71	0.71	0.739	0.99 
2	1	0.99	0.739	0.83	0.739 
2	2	0.739	0.99	0.71	0.71 
2	3	0.83	0.71	0.99	0.667 
2	4	0.739	0.71	0.667	0.99 
3	1	0.99	0.776	0.634	0.667 
3	2	0.776	0.99	0.608	0.667 
3	3	0.634	0.608	0.99	0.608 
3	4	0.667	0.667	0.608	0.99 
4	1	0.99	0.776	0.649	0.62 
4	2	0.776	0.99	0.649	0.649 
4	3	0.649	0.649	0.99	0.776 
4	4	0.62	0.649	0.776	0.99 
5	1	0.99	0.83	0.776	0.83 
5	2	0.83	0.99	0.739	0.99 
5	3	0.776	0.739	0.99	0.739 
5	4	0.83	0.99	0.739	0.99 
6	1	0.99	0.71	0.667	0.99 
6	2	0.71	0.99	0.71	0.71 
6	3	0.667	0.71	0.99	0.667 
6	4	0.99	0.71	0.667	0.99 
7	1	0.99	0.739	0.83	0.649 
7	2	0.739	0.99	0.776	0.71 
7	3	0.83	0.776	0.99	0.634 
7	4	0.649	0.71	0.634	0.99 
8	1	0.99	0.776	0.667	0.776 
8	2	0.776	0.99	0.776	0.776 
8	3	0.667	0.776	0.99	0.667 
8	4	0.776	0.776	0.667	0.99 
9	1	0.99	0.83	0.71	0.83 
9	2	0.83	0.99	0.739	0.776 
9	3	0.71	0.739	0.99	0.649 
9	4	0.83	0.776	0.649	0.99 
10	1	0.99	0.739	0.586	0.83 
10	2	0.739	0.99	0.649	0.776 
10	3	0.586	0.649	0.99	0.62 
10	4	0.83	0.776	0.62	0.99 
11	1	0.99	0.634	0.71	0.776 
11	2	0.634	0.99	0.586	0.667 
11	3	0.71	0.586	0.99	0.776 
11	4	0.776	0.667	0.776	0.99 
12	1	0.99	0.776	0.776	0.776 
12	2	0.776	0.99	0.71	0.667 
12	3	0.776	0.71	0.99	0.776 
12	4	0.776	0.667	0.776	0.99 
13	1	0.99	0.71	0.776	0.739 
13	2	0.71	0.99	0.71	0.649 
13	3	0.776	0.71	0.99	0.739 
13	4	0.739	0.649	0.739	0.99 
14	1	0.99	0.687	0.71	0.739 
14	2	0.687	0.99	0.62	0.667 
14	3	0.71	0.62	0.99	0.739 
14	4	0.739	0.667	0.739	0.99 
15	1	0.99	0.739	0.776	0.776 
15	2	0.739	0.99	0.739	0.739 
15	3	0.776	0.739	0.99	0.99 
15	4	0.776	0.739	0.99	0.99 
16	1	0.99	0.739	0.608	0.62 
16	2	0.739	0.99	0.739	0.634 
16	3	0.608	0.739	0.99	0.649 
16	4	0.62	0.634	0.649	0.99 
17	1	0.99	0.83	0.83	0.776  
17	2	0.83	0.99	0.99	0.83 
17	3	0.83	0.99	0.99	0.83 
17	4	0.776	0.83	0.83	0.99 
18	1	0.99	0.667	0.739	0.83 
18	2	0.667	0.99	0.576	0.62 
18	3	0.739	0.576	0.99	0.776 
18	4	0.83	0.62	0.776	0.99 
19	1	0.99	0.739	0.687	0.776 
19	2	0.739	0.99	0.71	0.83 
19	3	0.687	0.71	0.99	0.739 
19	4	0.776	0.83	0.739	0.99 
20	1	0.99	0.687	0.776	0.649 
20	2	0.687	0.99	0.687	0.608 
20	3	0.776	0.687	0.99	0.596 
20	4	0.649	0.608	0.596	0.99 
21	1	0.99	0.83	0.687	0.83 
21	2	0.83	0.99	0.776	0.776 
21	3	0.687	0.776	0.99	0.667 
21	4	0.83	0.776	0.667	0.99 
22	1	0.99	0.776	0.83	0.62 
22	2	0.776	0.99	0.739	0.576 
22	3	0.83	0.739	0.99	0.667 
22	4	0.62	0.576	0.667	0.99 
23	1	0.99	0.608	0.596	0.649 
23	2	0.608	0.99	0.739	0.596 
23	3	0.596	0.739	0.99	0.634 
23	4	0.649	0.596	0.634	0.99 
24	1	0.99	0.62	0.634	0.667 
24	2	0.62	0.99	0.739	0.739 
24	3	0.634	0.739	0.99	0.71 
24	4	0.667	0.739	0.71	0.99 
25	1	0.99	0.687	0.83	0.739 
25	2	0.687	0.99	0.634	0.71 
25	3	0.83	0.634	0.99	0.71 
25	4	0.739	0.71	0.71	0.99 
26	1	0.99	0.667	0.634	0.71 
26	2	0.667	0.99	0.608	0.634 
26	3	0.634	0.608	0.99	0.586 
26	4	0.71	0.634	0.586	0.99 
27	1	0.99	0.687	0.776	0.83 
27	2	0.687	0.99	0.739	0.634 
27	3	0.776	0.739	0.99	0.739 
27	4	0.83	0.634	0.739	0.99 
28	1	0.99	0.776	0.83	0.62 
28	2	0.776	0.99	0.739	0.649 
28	3	0.83	0.739	0.99	0.634 
28	4	0.62	0.649	0.634	0.99 
29	1	0.99	0.71	0.739	0.687 
29	2	0.71	0.99	0.687	0.739 
29	3	0.739	0.687	0.99	0.667 
29	4	0.687	0.739	0.667	0.99 
30	1	0.99	0.667	0.71	0.739 
30	2	0.667	0.99	0.776	0.739 
30	3	0.71	0.776	0.99	0.739 
30	4	0.739	0.739	0.739	0.99 
31	1	0.99	0.71	0.776	0.71 
31	2	0.71	0.99	0.71	0.776 
31	3	0.776	0.71	0.99	0.776 
31	4	0.71	0.776	0.776	0.99 
32	1	0.99	0.71	0.71	0.649 
32	2	0.71	0.99	0.776	0.739 
32	3	0.71	0.776	0.99	0.83 
32	4	0.649	0.739	0.83	0.99 
33	1	0.99	0.71	0.608	0.667 
33	2	0.71	0.99	0.667	0.776 
33	3	0.608	0.667	0.99	0.776 
33	4	0.667	0.776	0.776	0.99 
34	1	0.99	0.739	0.776	0.776 
34	2	0.739	0.99	0.649	0.739 
34	3	0.776	0.649	0.99	0.667 
34	4	0.776	0.739	0.667	0.99 
35	1	0.99	0.62	0.634	0.667 
35	2	0.62	0.99	0.739	0.687 
35	3	0.634	0.739	0.99	0.776 
35	4	0.667	0.687	0.776	0.99 
36	1	0.99	0.667	0.71	0.71 
36	2	0.667	0.99	0.667	0.776 
36	3	0.71	0.667	0.99	0.667 
36	4	0.71	0.776	0.667	0.99 
37	1	0.99	0.634	0.739	0.649 
37	2	0.634	0.99	0.62	0.649 
37	3	0.739	0.62	0.99	0.567 
37	4	0.649	0.649	0.567	0.99 
38	1	0.99	0.126	0.99	0.161 
38	2	0.115	0.99	0.99	0.154 
38	3	0.125	0.116	0.99	0.116 
38	4	0.119	0.115	0.99	0.99 
39	1	0.99	0.739	0.776	0.739 
39	2	0.739	0.99	0.62	0.776 
39	3	0.776	0.62	0.99	0.649 
39	4	0.739	0.776	0.649	0.99 
40	1	0.99	0.739	0.83	0.739 
40	2	0.739	0.99	0.71	0.667 
40	3	0.83	0.71	0.99	0.776 
40	4	0.739	0.667	0.776	0.99 
41	1	0.99	0.776	0.739	0.576 
41	2	0.776	0.99	0.83	0.62 
41	3	0.739	0.83	0.99	0.667 
41	4	0.576	0.62	0.667	0.99 
42	1	0.99	0.62	0.667	0.576 
42	2	0.62	0.99	0.83	0.776 
42	3	0.667	0.83	0.99	0.739 
42	4	0.576	0.776	0.739	0.99 
43	1	0.99	0.586	0.71	0.739 
43	2	0.586	0.99	0.71	0.739 
43	3	0.71	0.71	0.99	0.83 
43	4	0.739	0.739	0.83	0.99 
44	1	0.99	0.649	0.83	0.776 
44	2	0.649	0.99	0.608	0.739 
44	3	0.83	0.608	0.99	0.687 
44	4	0.776	0.739	0.687	0.99 
45	1	0.99	0.649	0.776	0.596 
45	2	0.649	0.99	0.687	0.776 
45	3	0.776	0.687	0.99	0.649 
45	4	0.596	0.776	0.649	0.99 
46	1	0.99	0.687	0.739	0.634 
46	2	0.687	0.99	0.667	0.739 
46	3	0.739	0.667	0.99	0.596 
46	4	0.634	0.739	0.596	0.99 
47	1	0.99	0.649	0.667	0.634 
47	2	0.649	0.99	0.83	0.649 
47	3	0.667	0.83	0.99	0.667 
47	4	0.634	0.649	0.667	0.99 
48	1	0.99	0.739	0.71	0.99 
48	2	0.739	0.99	0.62	0.739 
48	3	0.71	0.62	0.99	0.71 
48	4	0.99	0.739	0.71	0.99 
49	1	0.99	0.739	0.83	0.83 
49	2	0.739	0.99	0.71	0.71 
49	3	0.83	0.71	0.99	0.99 
49	4	0.83	0.71	0.99	0.99 
50	1	0.99	0.649	0.649	0.71 
50	2	0.649	0.99	0.776	0.83 
50	3	0.649	0.776	0.99	0.739 
50	4	0.71	0.83	0.739	0.99 
51	1	0.99	0.667	0.83	0.667 
51	2	0.667	0.99	0.687	0.687 
51	3	0.83	0.687	0.99	0.83 
51	4	0.71	0.667	0.634	0.99 
52	1	0.99	0.739	0.634	0.62 
52	2	0.739	0.99	0.62	0.608 
52	3	0.634	0.62	0.99	0.649 
52	4	0.62	0.608	0.649	0.99 
53	1	0.99	0.608	0.649	0.776 
53	2	0.608	0.99	0.649	0.608 
53	3	0.649	0.649	0.99	0.596 
53	4	0.776	0.608	0.596	0.99 
54	1	0.99	0.739	0.99	0.62 
54	2	0.739	0.99	0.739	0.71 
54	3	0.99	0.739	0.99	0.62 
54	4	0.62	0.71	0.62	0.99 
55	1	0.99	0.586	0.608	0.649 
55	2	0.586	0.99	0.667	0.687 
55	3	0.608	0.667	0.99	0.83 
55	4	0.649	0.687	0.83	0.99 
56	1	0.99	0.71	0.739	0.739 
56	2	0.71	0.99	0.739	0.687 
56	3	0.739	0.739	0.99	0.71 
56	4	0.739	0.687	0.71	0.99 
57	1	0.99	0.71	0.596	0.667 
57	2	0.71	0.99	0.739	0.776 
57	3	0.596	0.739	0.99	0.687 
57	4	0.667	0.776	0.687	0.99 
58	1	0.99	0.739	0.649	0.776 
58	2	0.739	0.99	0.608	0.739 
58	3	0.649	0.608	0.99	0.596 
58	4	0.776	0.739	0.596	0.99 
59	1	0.99	0.739	0.83	0.649 
59	2	0.739	0.99	0.667	0.634 
59	3	0.83	0.667	0.99	0.608 
59	4	0.649	0.634	0.608	0.99 
60	1	0.99	0.608	0.71	0.634 
60	2	0.608	0.99	0.71	0.776 
60	3	0.71	0.71	0.99	0.71 
60	4	0.634	0.776	0.71	0.99 
61	1	0.99	0.634	0.99	0.649 
61	2	0.634	0.99	0.634	0.649 
61	3	0.99	0.634	0.99	0.649 
61	4	0.649	0.649	0.649	0.99 
62	1	0.99	0.71	0.634	0.687 
62	2	0.71	0.99	0.776	0.739 
62	3	0.634	0.776	0.99	0.739 
62	4	0.687	0.739	0.739	0.99 
63	1	0.99	0.687	0.739	0.71 
63	2	0.687	0.99	0.71	0.83 
63	3	0.739	0.71	0.99	0.687 
63	4	0.71	0.83	0.687	0.99 
64	1	0.99	0.634	0.83	0.739 
64	2	0.634	0.99	0.687	0.596 
64	3	0.83	0.687	0.99	0.71 
64	4	0.739	0.596	0.71	0.99   
65	1	0.99	0.99	0.776	0.83 
65	2	0.99	0.99	0.776	0.83 
65	3	0.776	0.776	0.99	0.83 
65	4	0.83	0.83	0.83	0.99 
66	1	0.99	0.739	0.649	0.83 
66	2	0.739	0.99	0.71	0.776 
66	3	0.649	0.71	0.99	0.71 
66	4	0.83	0.776	0.71	0.99 
67	1	0.99	0.739	0.739	0.667 
67	2	0.739	0.99	0.71	0.649 
67	3	0.739	0.71	0.99	0.687 
67	4	0.667	0.649	0.687	0.99 
68	1	0.99	0.667	0.776	0.687 
68	2	0.667	0.99	0.71	0.739 
68	3	0.776	0.71	0.99	0.739 
68	4	0.687	0.739	0.739	0.99 
69	1	0.99	0.687	0.634	0.649 
69	2	0.987	0.99	0.339	0.634 
69	3	0.834	0.239	0.99	0.649 
69	4	0.949	0.634	0.649	0.99 
70	1	0.99	0.139	0.687	0.596 
70	2	0.739	0.99	0.634	0.634 
70	3	0.687	0.634	0.99	0.608 
70	4	0.596	0.634	0.608	0.99 
71	1	0.99	0.739	0.739	0.687 
71	2	0.739	0.99	0.71	0.71 
71	3	0.739	0.71	0.99	0.71 
71	4	0.687	0.71	0.71	0.99 
72	1	0.99	0.687	0.667	0.776 
72	2	0.687	0.99	0.739	0.649 
72	3	0.667	0.739	0.99	0.634 
72	4	0.776	0.649	0.634	0.99 
73	1	0.99	0.71	0.71	0.687 
73	2	0.71	0.99	0.71	0.649 
73	3	0.71	0.71	0.99	0.687 
73	4	0.687	0.649	0.687	0.99 
74	1	0.99	0.83	0.63	0.634 
74	2	0.83	0.99	0.776	0.62 
74	3	0.93	0.676	0.99	0.549 
74	4	0.634	0.82	0.549	0.99 
75	1	0.99	0.737	0.687	0.649 
75	2	0.739	0.99	0.634	0.634 
75	3	0.687	0.634	0.99	0.667 
75	4	0.687	0.634	0.667	0.99 
76	1	0.99	0.83	0.739	0.71 
76	2	0.83	0.99	0.71	0.739 
76	3	0.739	0.71	0.99	0.83 
76	4	0.71	0.739	0.83	0.99 
77	1	0.99	0.634	0.739	0.586 
77	2	0.634	0.99	0.739	0.776 
77	3	0.739	0.739	0.99	0.687 
77	4	0.586	0.776	0.687	0.99 
78	1	0.99	0.634	0.608	0.71 
78	2	0.634	0.99	0.586	0.71 
78	3	0.608	0.586	0.99	0.586 
78	4	0.71	0.71	0.586	0.99 
79	1	0.99	0.687	0.596	0.776 
79	2	0.687	0.99	0.667	0.687 
79	3	0.596	0.667	0.99	0.649 
79	4	0.776	0.687	0.649	0.99 
80	1	0.99	0.649	0.576	0.649 
80	2	0.649	0.99	0.776	0.776 
80	3	0.576	0.776	0.99	0.776 
80	4	0.649	0.776	0.776	0.99 
81	1	0.99	0.739	0.596	0.586 
81	2	0.739	0.99	0.634	0.649 
81	3	0.596	0.634	0.99	0.739 
81	4	0.586	0.649	0.739	0.99 
82	1	0.99	0.83	0.739	0.83 
82	2	0.83	0.99	0.776	0.99 
82	3	0.739	0.776	0.99	0.776 
82	4	0.83	0.99	0.776	0.99 
83	1	0.99	0.776	0.739	0.687 
83	2	0.776	0.99	0.739	0.687 
83	3	0.739	0.739	0.99	0.776 
83	4	0.687	0.687	0.776	0.99 
84	1	0.99	0.739	0.71	0.776 
84	2	0.739	0.99	0.83	0.739 
84	3	0.71	0.83	0.99	0.776 
84	4	0.776	0.739	0.776	0.99 
85	1	0.99	0.71	0.776	0.596 
85	2	0.71	0.99	0.776	0.687 
85	3	0.776	0.776	0.99	0.649 
85	4	0.596	0.687	0.649	0.99 
86	1	0.99	0.739	0.558	0.586 
86	2	0.739	0.99	0.608	0.649 
86	3	0.558	0.608	0.99	0.739 
86	4	0.586	0.649	0.739	0.99 
87	1	0.99	0.776	0.71	0.776 
87	2	0.776	0.99	0.667	0.776 
87	3	0.71	0.667	0.99	0.667 
87	4	0.776	0.776	0.667	0.99 
88	1	0.99	0.687	0.667	0.776 
88	2	0.687	0.99	0.83	0.83 
88	3	0.667	0.83	0.99	0.776 
88	4	0.776	0.83	0.776	0.99 
89	1	0.99	0.71	0.634	0.649 
89	2	0.71	0.99	0.776	0.649 
89	3	0.634	0.776	0.99	0.576 
89	4	0.649	0.649	0.576	0.99 
90	1	0.99	0.776	0.776	0.99 
90	2	0.776	0.99	0.71	0.776 
90	3	0.776	0.71	0.99	0.776 
90	4	0.99	0.776	0.776	0.99 
91	1	0.99	0.71	0.687	0.687 
91	2	0.71	0.99	0.83	0.739 
91	3	0.687	0.83	0.99	0.776 
91	4	0.687	0.739	0.776	0.99 
92	1	0.99	0.776	0.739	0.71 
92	2	0.776	0.99	0.83	0.667 
92	3	0.739	0.83	0.99	0.62 
92	4	0.71	0.667	0.62	0.99 
93	1	0.99	0.649	0.739	0.776 
93	2	0.649	0.99	0.71	0.649 
93	3	0.739	0.71	0.99	0.739 
93	4	0.776	0.649	0.739	0.99 
94	1	0.99	0.83	0.739	0.739 
94	2	0.83	0.99	0.776	0.71 
94	3	0.739	0.776	0.99	0.71 
94	4	0.739	0.71	0.71	0.99 
95	1	0.99	0.71	0.71	0.71 
95	2	0.71	0.99	0.667	0.99 
95	3	0.71	0.667	0.99	0.667 
95	4	0.71	0.99	0.667	0.99 
96	1	0.99	0.71	0.687	0.71 
96	2	0.71	0.99	0.62	0.776 
96	3	0.687	0.62	0.99	0.687 
96	4	0.71	0.776	0.687	0.99 
97	1	0.99	0.739	0.71	0.739 
97	2	0.739	0.99	0.739	0.667 
97	3	0.71	0.739	0.99	0.649 
97	4	0.739	0.667	0.649	0.99 
98	1	0.99	0.634	0.62	0.667 
98	2	0.634	0.99	0.739	0.634 
98	3	0.62	0.739	0.99	0.739 
98	4	0.667	0.634	0.739	0.99 
99	1	0.99	0.776	0.776	0.71 
99	2	0.776	0.99	0.71	0.776 
99	3	0.776	0.71	0.99	0.667 
99	4	0.71	0.776	0.667	0.99 
100	1	0.99	0.667	0.62	0.687 
100	2	0.667	0.99	0.649	0.739 
100	3	0.62	0.649	0.99	0.71 
100	4	0.687	0.739	0.71	0.99 
101	1	0.99	0.687	0.71	0.62 
101	2	0.687	0.99	0.687	0.71 
101	3	0.71	0.687	0.99	0.687 
101	4	0.62	0.71	0.687	0.99 
102	1	0.99	0.83	0.687	0.687 
102	2	0.83	0.99	0.667	0.71 
102	3	0.687	0.667	0.99	0.71 
102	4	0.687	0.71	0.71	0.99 
103	1	0.99	0.71	0.687	0.739 
103	2	0.71	0.99	0.687	0.687 
103	3	0.687	0.687	0.99	0.71 
103	4	0.739	0.687	0.71	0.99 
104	1	0.99	0.649	0.687	0.667 
104	2	0.649	0.99	0.776	0.83 
104	3	0.687	0.776	0.99	0.739 
104	4	0.667	0.83	0.739	0.99 
105	1	0.99	0.596	0.739	0.667 
105	2	0.596	0.99	0.634	0.649 
105	3	0.739	0.634	0.99	0.739 
105	4	0.667	0.649	0.739	0.99 
106	1	0.99	0.634	0.687	0.667 
106	2	0.634	0.99	0.687	0.667 
106	3	0.687	0.687	0.99	0.649 
106	4	0.667	0.667	0.649	0.99 
107	1	0.99	0.776	0.687	0.71 
107	2	0.776	0.99	0.83	0.776 
107	3	0.687	0.83	0.99	0.739 
107	4	0.71	0.776	0.739	0.99 
108	1	0.99	0.71	0.667	0.596 
108	2	0.71	0.99	0.667	0.687 
108	3	0.667	0.667	0.99	0.687 
108	4	0.596	0.687	0.687	0.99 
109	1	0.99	0.739	0.739	0.739 
109	2	0.739	0.99	0.71	0.667 
109	3	0.739	0.71	0.99	0.776 
109	4	0.739	0.667	0.776	0.99 
110	1	0.99	0.71	0.776	0.739 
110	2	0.71	0.99	0.667	0.687 
110	3	0.776	0.667	0.99	0.739 
110	4	0.739	0.687	0.739	0.99 
111	1	0.99	0.634	0.634	0.776 
111	2	0.634	0.99	0.71	0.667 
111	3	0.634	0.71	0.99	0.667 
111	4	0.776	0.667	0.667	0.99 
112	1	0.99	0.634	0.776	0.71 
112	2	0.634	0.99	0.634	0.71 
112	3	0.776	0.634	0.99	0.71 
112	4	0.71	0.71	0.71	0.99 
113	1	0.99	0.649	0.71	0.634 
113	2	0.649	0.99	0.739	0.83 
113	3	0.71	0.739	0.99	0.71 
113	4	0.634	0.83	0.71	0.99 
114	1	0.99	0.71	0.667	0.71 
114	2	0.71	0.99	0.667	0.776 
114	3	0.667	0.667	0.99	0.667 
114	4	0.71	0.776	0.667	0.99 
115	1	0.99	0.71	0.71	0.739 
115	2	0.71	0.99	0.776	0.739 
115	3	0.71	0.776	0.99	0.739 
115	4	0.739	0.739	0.739	0.99 
116	1	0.99	0.739	0.83	0.71 
116	2	0.739	0.99	0.667	0.62 
116	3	0.83	0.667	0.99	0.687 
116	4	0.71	0.62	0.687	0.99 
117	1	0.99	0.776	0.71	0.634 
117	2	0.776	0.99	0.667	0.608 
117	3	0.71	0.667	0.99	0.71 
117	4	0.634	0.608	0.71	0.99 
118	1	0.99	0.62	0.567	0.62 
118	2	0.62	0.99	0.687	0.776 
118	3	0.567	0.687	0.99	0.739 
118	4	0.62	0.776	0.739	0.99 
119	1	0.99	0.83	0.776	0.776 
119	2	0.83	0.99	0.739	0.83 
119	3	0.776	0.739	0.99	0.71 
119	4	0.776	0.83	0.71	0.99 
120	1	0.99	0.71	0.776	0.687 
120	2	0.71	0.99	0.71	0.739 
120	3	0.776	0.71	0.99	0.739 
120	4	0.687	0.739	0.739	0.99 
121	1	0.99	0.776	0.687	0.71 
121	2	0.776	0.99	0.739	0.776 
121	3	0.687	0.739	0.99	0.687 
121	4	0.71	0.776	0.687	0.99 
122	1	0.99	0.634	0.687	0.739 
122	2	0.634	0.99	0.649	0.739 
122	3	0.687	0.649	0.99	0.99 
122	4	0.739	0.739	0.99	0.99 
123	1	0.99	0.71	0.687	0.739 
123	2	0.71	0.99	0.739	0.739 
123	3	0.687	0.739	0.99	0.776 
123	4	0.739	0.739	0.776	0.99 
124	1	0.99	0.667	0.739	0.776 
124	2	0.667	0.99	0.687	0.667 
124	3	0.739	0.687	0.99	0.739 
124	4	0.776	0.667	0.739	0.99 
125	1	0.99	0.667	0.049	0.687 
125	2	0.667	0.99	0.739	0.739 
125	3	0.649	0.739	0.99	0.634 
125	4	0.687	0.739	0.634	0.99 
126	1	0.99	0.667	0.596	0.608 
126	2	0.667	0.99	0.739	0.776 
126	3	0.596	0.739	0.99	0.739 
126	4	0.608	0.776	0.739	0.99 
127	1	0.99	0.649	0.687	0.687 
127	2	0.649	0.99	0.71	0.634 
127	3	0.687	0.71	0.99	0.586 
127	4	0.687	0.634	0.586	0.99 
128	1	0.99	0.649	0.739	0.608 
128	2	0.649	0.99	0.71	0.687 
128	3	0.739	0.71	0.99	0.62 
128	4	0.608	0.687	0.62	0.99 
129	1	0.99	0.83	0.687	0.71 
129	2	0.83	0.99	0.71	0.687 
129	3	0.687	0.71	0.99	0.687 
129	4	0.71	0.687	0.687	0.99 
130	1	0.99	0.687	0.687	0.71 
130	2	0.687	0.99	0.667	0.739 
130	3	0.687	0.667	0.99	0.739 
130	4	0.71	0.739	0.739	0.99 
131	1	0.99	0.776	0.649	0.687 
131	2	0.776	0.99	0.687	0.739 
131	3	0.649	0.687	0.99	0.586 
131	4	0.687	0.739	0.586	0.99 
132	1	0.99	0.649	0.739	0.687 
132	2	0.649	0.99	0.634	0.586 
132	3	0.739	0.634	0.99	0.71 
132	4	0.687	0.586	0.71	0.99 
133	1	0.99	0.634	0.739	0.687 
133	2	0.634	0.99	0.739	0.62 
133	3	0.739	0.739	0.99	0.776 
133	4	0.687	0.62	0.776	0.99 
134	1	0.99	0.739	0.649	0.71 
134	2	0.739	0.99	0.667	0.83 
134	3	0.649	0.667	0.99	0.687 
134	4	0.71	0.83	0.687	0.99 
135	1	0.99	0.71	0.649	0.667 
135	2	0.71	0.99	0.687	0.634 
135	3	0.649	0.687	0.99	0.649 
135	4	0.667	0.634	0.649	0.99 
136	1	0.99	0.71	0.634	0.71 
136	2	0.71	0.99	0.667	0.71 
136	3	0.634	0.667	0.99	0.776 
136	4	0.71	0.71	0.776	0.99 
137	1	0.99	0.776	0.739	0.776 
137	2	0.776	0.99	0.739	0.99 
137	3	0.739	0.739	0.99	0.739 
137	4	0.776	0.99	0.739	0.99 
138	1	0.99	0.776	0.739	0.649 
138	2	0.776	0.99	0.687	0.62 
138	3	0.739	0.687	0.99	0.71 
138	4	0.649	0.62	0.71	0.99 
139	1	0.99	0.739	0.739	0.739 
139	2	0.739	0.99	0.776	0.99 
139	3	0.739	0.776	0.99	0.776 
139	4	0.739	0.99	0.776	0.99 
140	1	0.99	0.739	0.776	0.71 
140	2	0.739	0.99	0.739	0.649 
140	3	0.776	0.739	0.99	0.71 
140	4	0.71	0.649	0.71	0.99 
141	1	0.99	0.739	0.776	0.687 
141	2	0.739	0.99	0.739	0.567 
141	3	0.776	0.739	0.99	0.62 
141	4	0.687	0.567	0.62	0.99 
142	1	0.99	0.608	0.634	0.739 
142	2	0.608	0.99	0.634	0.62 
142	3	0.634	0.634	0.99	0.739 
142	4	0.739	0.62	0.739	0.99 
143	1	0.99	0.71	0.71	0.649 
143	2	0.71	0.99	0.634	0.649 
143	3	0.71	0.634	0.99	0.649 
143	4	0.649	0.649	0.649	0.99 
144	1	0.99	0.776	0.687	0.667 
144	2	0.776	0.99	0.739	0.776 
144	3	0.687	0.739	0.99	0.739 
144	4	0.667	0.776	0.739	0.99 
145	1	0.99	0.71	0.71	0.739 
145	2	0.71	0.99	0.71	0.83 
145	3	0.71	0.71	0.99	0.687 
145	4	0.739	0.83	0.687	0.99 
146	1	0.99	0.649	0.649	0.71 
146	2	0.649	0.99	0.71	0.739 
146	3	0.649	0.71	0.99	0.649 
146	4	0.71	0.739	0.649	0.99 
147	1	0.99	0.776	0.667	0.634 
147	2	0.776	0.99	0.634	0.586 
147	3	0.667	0.634	0.99	0.776 
147	4	0.634	0.586	0.776	0.99 
148	1	0.99	0.83	0.71	0.739 
148	2	0.83	0.99	0.739	0.667 
148	3	0.71	0.739	0.99	0.649 
148	4	0.739	0.667	0.649	0.99 
149	1	0.99	0.687	0.62	0.83 
149	2	0.687	0.99	0.776	0.71 
149	3	0.62	0.776	0.99	0.667 
149	4	0.83	0.71	0.667	0.99 
150	1	0.99	0.634	0.71	0.776 
150	2	0.634	0.99	0.634	0.71 
150	3	0.71	0.634	0.99	0.667 
150	4	0.776	0.71	0.667	0.99 
151	1	0.99	0.71	0.649	0.71 
151	2	0.71	0.99	0.687	0.776 
151	3	0.649	0.687	0.99	0.649 
151	4	0.71	0.776	0.649	0.99 
152	1	0.99	0.649	0.71	0.687 
152	2	0.649	0.99	0.649	0.71 
152	3	0.71	0.649	0.99	0.687 
152	4	0.687	0.71	0.687	0.99 
153	1	0.99	0.687	0.739	0.739 
153	2	0.687	0.99	0.776	0.776 
153	3	0.739	0.776	0.99	0.71 
153	4	0.739	0.776	0.71	0.99 
154	1	0.99	0.739	0.71	0.667 
154	2	0.739	0.99	0.687	0.596 
154	3	0.71	0.687	0.99	0.608 
154	4	0.667	0.596	0.608	0.99 
155	1	0.99	0.634	0.776	0.649 
155	2	0.634	0.99	0.667	0.83 
155	3	0.776	0.667	0.99	0.649 
155	4	0.649	0.83	0.649	0.99 
156	1	0.99	0.687	0.608	0.667 
156	2	0.687	0.99	0.596	0.649 
156	3	0.608	0.596	0.99	0.634 
156	4	0.667	0.649	0.634	0.99 
157	1	0.99	0.649	0.83	0.649 
157	2	0.649	0.99	0.634	0.71 
157	3	0.83	0.634	0.99	0.667 
157	4	0.649	0.71	0.667	0.99 
158	1	0.99	0.739	0.687	0.667 
158	2	0.739	0.99	0.776	0.739   
158	3	0.687	0.776	0.99	0.649 
158	4	0.667	0.739	0.649	0.99 
159	1	0.99	0.71	0.739	0.687 
159	2	0.71	0.99	0.687	0.649 
159	3	0.739	0.687	0.99	0.776 
159	4	0.687	0.649	0.776	0.99 
160	1	0.99	0.687	0.739	0.62 
160	2	0.687	0.99	0.667	0.776 
160	3	0.739	0.667	0.99	0.634 
160	4	0.62	0.776	0.634	0.99 
161	1	0.99	0.667	0.687	0.649 
161	2	0.667	0.99	0.739	0.83 
161	3	0.687	0.739	0.99	0.71 
161	4	0.649	0.83	0.71	0.99 
162	1	0.99	0.71	0.634	0.634 
162	2	0.71	0.99	0.667	0.634 
162	3	0.634	0.667	0.99	0.667 
162	4	0.634	0.634	0.667	0.99 
163	1	0.99	0.739	0.71	0.739 
163	2	0.739	0.99	0.649	0.99 
163	3	0.71	0.649	0.99	0.649 
163	4	0.739	0.99	0.649	0.99 
164	1	0.99	0.649	0.71	0.649 
164	2	0.649	0.99	0.739	0.776 
164	3	0.71	0.739	0.99	0.739 
164	4	0.649	0.776	0.739	0.99 
165	1	0.99	0.687	0.634	0.576 
165	2	0.687	0.99	0.687	0.667 
165	3	0.634	0.687	0.99	0.739 
165	4	0.576	0.667	0.739	0.99 
166	1	0.99	0.667	0.649	0.667 
166	2	0.667	0.99	0.687	0.776 
166	3	0.649	0.687	0.99	0.649 
166	4	0.667	0.776	0.649	0.99 
167	1	0.99	0.687	0.739	0.739 
167	2	0.687	0.99	0.634	0.667 
167	3	0.739	0.634	0.99	0.776 
167	4	0.739	0.667	0.776	0.99 
168	1	0.99	0.634	0.739	0.71 
168	2	0.634	0.99	0.739	0.776 
168	3	0.739	0.739	0.99	0.739 
168	4	0.71	0.776	0.739	0.99 
169	1	0.99	0.776	0.739	0.99 
169	2	0.776	0.99	0.739	0.776 
169	3	0.739	0.739	0.99	0.739 
169	4	0.99	0.776	0.739	0.99 
170	1	0.99	0.83	0.687	0.739 
170	2	0.83	0.99	0.71	0.71 
170	3	0.687	0.71	0.99	0.71 
170	4	0.739	0.71	0.71	0.99 
171	1	0.99	0.83	0.739	0.83 
171	2	0.83	0.99	0.71	0.776 
171	3	0.739	0.71	0.99	0.667 
171	4	0.83	0.776	0.667	0.99 
172	1	0.99	0.739	0.687	0.596 
172	2	0.739	0.99	0.71	0.634 
172	3	0.687	0.71	0.99	0.567 
172	4	0.596	0.634	0.567	0.99 
173	1	0.99	0.739	0.62	0.687 
173	2	0.739	0.99	0.71	0.71 
173	3	0.62	0.71	0.99	0.667 
173	4	0.687	0.71	0.667	0.99 
174	1	0.99	0.83	0.776	0.776 
174	2	0.83	0.99	0.83	0.739 
174	3	0.776	0.83	0.99	0.776 
174	4	0.776	0.739	0.776	0.99 
175	1	0.99	0.83	0.649	0.649 
175	2	0.83	0.99	0.634	0.667 
175	3	0.649	0.634	0.99	0.776 
175	4	0.649	0.667	0.776	0.99 
176	1	0.99	0.649	0.71	0.71 
176	2	0.649	0.99	0.687	0.687 
176	3	0.71	0.687	0.99	0.99 
176	4	0.71	0.687	0.99	0.99 
177	1	0.99	0.649	0.739	0.776 
177	2	0.649	0.99	0.608	0.62 
177	3	0.739	0.608	0.99	0.739 
177	4	0.776	0.62	0.739	0.99 
178	1	0.99	0.83	0.776	0.83 
178	2	0.83	0.99	0.83	0.776 
178	3	0.776	0.83	0.99	0.739 
178	4	0.83	0.776	0.739	0.99 
179	1	0.99	0.776	0.776	0.739 
179	2	0.776	0.99	0.776	0.83 
179	3	0.776	0.776	0.99	0.739 
179	4	0.739	0.83	0.739	0.99 
180	1	0.99	0.649	0.634	0.739 
180	2	0.649	0.99	0.649	0.608 
180	3	0.634	0.649	0.99	0.558 
180	4	0.739	0.608	0.558	0.99 
181	1	0.99	0.739	0.71	0.586 
181	2	0.739	0.99	0.83	0.687 
181	3	0.71	0.83	0.99	0.634 
181	4	0.586	0.687	0.634	0.99 
182	1	0.99	0.739	0.739	0.71 
182	2	0.739	0.99	0.99	0.83 
182	3	0.739	0.99	0.99	0.83 
182	4	0.71	0.83	0.83	0.99 
183	1	0.99	0.83	0.687	0.634 
183	2	0.83	0.99	0.71	0.649 
183	3	0.687	0.71	0.99	0.739 
183	4	0.634	0.649	0.739	0.99 
184	1	0.99	0.739	0.71	0.71 
184	2	0.739	0.99	0.649	0.83 
184	3	0.71	0.649	0.99	0.634 
184	4	0.71	0.83	0.634	0.99 
185	1	0.99	0.71	0.667	0.634 
185	2	0.71	0.99	0.71	0.634 
185	3	0.667	0.71	0.99	0.776 
185	4	0.634	0.634	0.776	0.99 
186	1	0.99	0.776	0.649	0.71 
186	2	0.776	0.99	0.687	0.776 
186	3	0.649	0.687	0.99	0.739 
186	4	0.71	0.776	0.739	0.99 
187	1	0.99	0.667	0.739	0.62 
187	2	0.667	0.99	0.62	0.649 
187	3	0.739	0.62	0.99	0.608 
187	4	0.62	0.649	0.608	0.99 
188	1	0.99	0.83	0.739	0.776 
188	2	0.83	0.99	0.71	0.739 
188	3	0.739	0.71	0.99	0.687 
188	4	0.776	0.739	0.687	0.99 
189	1	0.99	0.83	0.776	0.776 
189	2	0.83	0.99	0.83	0.739 
189	3	0.776	0.83	0.99	0.667 
189	4	0.776	0.739	0.667	0.99 
190	1	0.99	0.667	0.667	0.71 
190	2	0.667	0.99	0.667	0.776 
190	3	0.667	0.667	0.99	0.776 
190	4	0.71	0.776	0.776	0.99 
191	1	0.99	0.739	0.71	0.739 
191	2	0.739	0.99	0.739	0.71 
191	3	0.71	0.739	0.99	0.739 
191	4	0.739	0.71	0.739	0.99 
192	1	0.99	0.649	0.687	0.71 
192	2	0.649	0.99	0.776	0.739 
192	3	0.687	0.776	0.99	0.739 
192	4	0.71	0.739	0.739	0.99 
193	1	0.99	0.776	0.71	0.83 
193	2	0.776	0.99	0.71	0.739 
193	3	0.71	0.71	0.99	0.739 
193	4	0.83	0.739	0.739	0.99 
194	1	0.99	0.71	0.83	0.649 
194	2	0.71	0.99	0.687	0.649 
194	3	0.83	0.687	0.99	0.71 
194	4	0.649	0.649	0.71	0.99 
195	1	0.99	0.776	0.667	0.634 
195	2	0.776	0.99	0.776	0.71 
195	3	0.667	0.776	0.99	0.776 
195	4	0.634	0.71	0.776	0.99 
196	1	0.99	0.739	0.634	0.739 
196	2	0.739	0.99	0.649	0.71 
196	3	0.634	0.649	0.99	0.739 
196	4	0.739	0.71	0.739	0.99 
197	1	0.99	0.687	0.739	0.776 
197	2	0.687	0.99	0.71	0.739 
197	3	0.739	0.71	0.99	0.83 
197	4	0.776	0.739	0.83	0.99 
198	1	0.99	0.739	0.739	0.739 
198	2	0.739	0.99	0.71	0.71 
198	3	0.739	0.71	0.99	0.71 
198	4	0.739	0.71	0.71	0.99 
199	1	0.99	0.83	0.739	0.62 
199	2	0.83	0.99	0.776	0.608 
199	3	0.739	0.776	0.99	0.634 
199	4	0.62	0.608	0.634	0.99 
200	1	0.99	0.687	0.596	0.71 
200	2	0.687	0.99	0.71	0.83 
200	3	0.596	0.71	0.99	0.739 
200	4	0.71	0.83	0.739	0.99 
201	1	0.99	0.845	0.889	0.881 
201	2	0.845	0.99	0.845	0.908 
201	3	0.889	0.845	0.99	0.919 
201	4	0.881	0.908	0.919	0.99 
202	1	0.99	0.919	0.889	0.919 
202	2	0.919	0.99	0.881	0.933 
202	3	0.889	0.881	0.99	0.881 
202	4	0.919	0.933	0.881	0.99 
203	1	0.99	0.951	0.898	0.844 
203	2	0.951	0.99	0.889	0.839 
203	3	0.898	0.889	0.99	0.887 
203	4	0.844	0.839	0.887	0.99 
204	1	0.99	0.898	0.99	0.855 
204	2	0.898	0.99	0.898	0.874 
204	3	0.99	0.898	0.99	0.855 
204	4	0.855	0.874	0.855	0.99 
205	1	0.99	0.872	0.881	0.881 
205	2	0.872	0.99	0.844	0.844 
205	3	0.881	0.844	0.99	0.99 
205	4	0.881	0.844	0.99	0.99 
206	1	0.99	0.889	0.866	0.844 
206	2	0.889	0.99	0.834	0.835 
206	3	0.866	0.834	0.99	0.831 
206	4	0.844	0.835	0.831	0.99 
207	1	0.99	0.784	0.813	0.855 
207	2	0.784	0.99	0.855	0.765 
207	3	0.813	0.855	0.99	0.844 
207	4	0.855	0.765	0.844	0.99 
208	1	0.99	0.872	0.887	0.854 
208	2	0.872	0.99	0.861	0.919 
208	3	0.887	0.861	0.99	0.827 
208	4	0.854	0.919	0.827	0.99 
209	1	0.99	0.919	0.905	0.854 
209	2	0.919	0.99	0.866	0.83 
209	3	0.905	0.866	0.99	0.855 
209	4	0.854	0.83	0.855	0.99 
210	1	0.99	0.829	0.889	0.874 
210	2	0.829	0.99	0.849	0.839 
210	3	0.889	0.849	0.99	0.933 
210	4	0.874	0.839	0.933	0.99 
211	1	0.99	0.919	0.84	0.874 
211	2	0.919	0.99	0.818	0.845 
211	3	0.84	0.818	0.99	0.8 
211	4	0.874	0.845	0.8	0.99 
212	1	0.99	0.88	0.874	0.803 
212	2	0.88	0.99	0.818	0.8 
212	3	0.874	0.818	0.99	0.834 
212	4	0.803	0.8	0.834	0.99 
213	1	0.99	0.898	0.881	0.881 
213	2	0.898	0.99	0.861	0.861 
213	3	0.881	0.861	0.99	0.874 
213	4	0.881	0.861	0.874	0.99 
214	1	0.99	0.905	0.872	0.908 
214	2	0.905	0.99	0.889	0.887 
214	3	0.872	0.889	0.99	0.839 
214	4	0.908	0.887	0.839	0.99 
215	1	0.99	0.861	0.803	0.855 
215	2	0.861	0.99	0.866	0.81 
215	3	0.803	0.866	0.99	0.781 
215	4	0.855	0.81	0.781	0.99 
216	1	0.99	0.765	0.84	0.773 
216	2	0.765	0.99	0.839	0.818 
216	3	0.84	0.839	0.99	0.855 
216	4	0.773	0.818	0.855	0.99 
217	1	0.99	0.881	0.854	0.854 
217	2	0.881	0.99	0.905	0.86 
217	3	0.854	0.905	0.99	0.874 
217	4	0.854	0.86	0.874	0.99 
218	1	0.99	0.817	0.866	0.861 
218	2	0.817	0.99	0.889	0.844 
218	3	0.866	0.889	0.99	0.854 
218	4	0.861	0.844	0.854	0.99 
219	1	0.99	0.881	0.867	0.814 
219	2	0.881	0.99	0.908	0.866 
219	3	0.867	0.908	0.99	0.844 
219	4	0.814	0.866	0.844	0.99 
220	1	0.99	0.83	0.898	0.867 
220	2	0.83	0.99	0.844	0.835 
220	3	0.898	0.844	0.99	0.889 
220	4	0.867	0.835	0.889	0.99 
221	1	0.99	0.866	0.895	0.849 
221	2	0.866	0.99	0.874	0.881 
221	3	0.895	0.874	0.99	0.898 
221	4	0.849	0.881	0.898	0.99 
222	1	0.99	0.907	0.866	0.872 
222	2	0.907	0.99	0.844	0.905 
222	3	0.866	0.844	0.99	0.881 
222	4	0.872	0.905	0.881	0.99 
223	1	0.99	0.844	0.86	0.907 
223	2	0.844	0.99	0.845	0.866 
223	3	0.86	0.845	0.99	0.839 
223	4	0.907	0.866	0.839	0.99 
224	1	0.99	0.86	0.874	0.951 
224	2	0.86	0.99	0.83	0.866 
224	3	0.874	0.83	0.99	0.881 
224	4	0.951	0.866	0.881	0.99 
225	1	0.99	0.887	0.896	0.872 
225	2	0.887	0.99	0.951	0.818 
225	3	0.896	0.951	0.99	0.814 
225	4	0.872	0.818	0.814	0.99 
226	1	0.99	0.844	0.907	0.83 
226	2	0.844	0.99	0.825	0.881 
226	3	0.907	0.825	0.99	0.814 
226	4	0.83	0.881	0.814	0.99 
227	1	0.99	0.793	0.867	0.872 
227	2	0.793	0.99	0.854	0.797 
227	3	0.867	0.854	0.99	0.879 
227	4	0.872	0.797	0.879	0.99 
228	1	0.99	0.887	0.933	0.881 
228	2	0.887	0.99	0.86	0.854 
228	3	0.933	0.86	0.99	0.919 
228	4	0.881	0.854	0.919	0.99 
229	1	0.99	0.839	0.855	0.874 
229	2	0.839	0.99	0.916	0.905 
229	3	0.855	0.916	0.99	0.951 
229	4	0.874	0.905	0.951	0.99 
230	1	0.99	0.889	0.919	0.919 
230	2	0.889	0.99	0.881	0.881 
230	3	0.919	0.881	0.99	0.99 
230	4	0.919	0.881	0.99	0.99 
231	1	0.99	0.827	0.854	0.908 
231	2	0.827	0.99	0.793	0.855 
231	3	0.854	0.793	0.99	0.854 
231	4	0.908	0.855	0.854	0.99 
232	1	0.99	0.907	0.804	0.839 
232	2	0.907	0.99	0.855	0.86 
232	3	0.804	0.855	0.99	0.826 
232	4	0.839	0.86	0.826	0.99 
233	1	0.99	0.879	0.855	0.905 
233	2	0.879	0.99	0.793	0.898 
233	3	0.855	0.793	0.99	0.834 
233	4	0.905	0.898	0.834	0.99 
234	1	0.99	0.839	0.861	0.861 
234	2	0.839	0.99	0.814	0.814 
234	3	0.861	0.814	0.99	0.99 
234	4	0.861	0.814	0.99	0.99 
235	1	0.99	0.898	0.933	0.908 
235	2	0.898	0.99	0.898	0.881 
235	3	0.933	0.898	0.99	0.933 
235	4	0.908	0.881	0.933	0.99 
236	1	0.99	0.919	0.99	0.831 
236	2	0.919	0.99	0.919	0.826 
236	3	0.99	0.919	0.99	0.831 
236	4	0.831	0.826	0.831	0.99 
237	1	0.99	0.908	0.951	0.85 
237	2	0.908	0.99	0.919	0.874 
237	3	0.951	0.919	0.99	0.855 
237	4	0.85	0.874	0.855	0.99 
238	1	0.99	0.905	0.919	0.874 
238	2	0.905	0.99	0.88	0.86 
238	3	0.919	0.88	0.99	0.898 
238	4	0.874	0.86	0.898	0.99 
239	1	0.99	0.826	0.895	0.86 
239	2	0.826	0.99	0.851	0.919 
239	3	0.895	0.851	0.99	0.881 
239	4	0.86	0.919	0.881	0.99 
240	1	0.99	0.916	0.866	0.896 
240	2	0.916	0.99	0.889	0.933 
240	3	0.866	0.889	0.99	0.874 
240	4	0.896	0.933	0.874	0.99 
241	1	0.99	0.855	0.907	0.796 
241	2	0.855	0.99	0.881	0.793 
241	3	0.907	0.881	0.99	0.843 
241	4	0.796	0.793	0.843	0.99 
242	1	0.99	0.933	0.813	0.861 
242	2	0.933	0.99	0.806	0.831 
242	3	0.813	0.806	0.99	0.839 
242	4	0.861	0.831	0.839	0.99 
243	1	0.99	0.849	0.83	0.879 
243	2	0.849	0.99	0.862	0.898 
243	3	0.83	0.862	0.99	0.868 
243	4	0.879	0.898	0.868	0.99 
244	1	0.99	0.849	0.826	0.881 
244	2	0.849	0.99	0.868	0.866 
244	3	0.826	0.868	0.99	0.887 
244	4	0.881	0.866	0.887	0.99 
245	1	0.99	0.879	0.8	0.861 
245	2	0.879	0.99	0.827	0.866 
245	3	0.8	0.827	0.99	0.86 
245	4	0.861	0.866	0.86	0.99 
246	1	0.99	0.826	0.919	0.919 
246	2	0.826	0.99	0.86	0.839 
246	3	0.919	0.86	0.99	0.933 
246	4	0.919	0.839	0.933	0.99 
247	1	0.99	0.872	0.834	0.839 
247	2	0.872	0.99	0.898	0.889 
247	3	0.834	0.898	0.99	0.855 
247	4	0.839	0.889	0.855	0.99 
248	1	0.99	0.839	0.889	0.898 
248	2	0.839	0.99	0.83	0.88 
248	3	0.889	0.83	0.99	0.919 
248	4	0.898	0.88	0.919	0.99 
249	1	0.99	0.849	0.881	0.898 
249	2	0.849	0.99	0.854	0.866 
249	3	0.881	0.854	0.99	0.933 
249	4	0.898	0.866	0.933	0.99 
250	1	0.99	0.872	0.834	0.839 
250	2	0.872	0.99	0.898	0.889 
250	3	0.834	0.898	0.99	0.855 
250	4	0.839	0.889	0.855	0.99