
1	1	0.990 	0.667 	0.687 	0.710 
1	2	0.667 	0.990 	0.620 	0.710 
1	3	0.687 	0.620 	0.990 	0.739 
1	4	0.710 	0.710 	0.739 	0.990 
2	1	0.990 	0.739 	0.830 	0.739 
2	2	0.739 	0.990 	0.710 	0.710 
2	3	0.830 	0.710 	0.990 	0.667 
2	4	0.739 	0.710 	0.667 	0.990 
3	1	0.990 	0.776 	0.634 	0.667 
3	2	0.776 	0.990 	0.608 	0.667 
3	3	0.634 	0.608 	0.990 	0.608 
3	4	0.667 	0.667 	0.608 	0.990 
4	1	0.990 	0.776 	0.649 	0.620 
4	2	0.776 	0.990 	0.649 	0.649 
4	3	0.649 	0.649 	0.990 	0.776 
4	4	0.620 	0.649 	0.776 	0.990 
5	1	0.990 	0.830 	0.776 	0.830 
5	2	0.830 	0.990 	0.739 	0.990 
5	3	0.776 	0.739 	0.990 	0.739 
5	4	0.830 	0.990 	0.739 	0.990 
6	1	0.990 	0.710 	0.667 	0.990 
6	2	0.710 	0.990 	0.710 	0.710 
6	3	0.667 	0.710 	0.990 	0.667 
6	4	0.990 	0.710 	0.667 	0.990 
7	1	0.990 	0.739 	0.830 	0.649 
7	2	0.739 	0.990 	0.776 	0.710 
7	3	0.830 	0.776 	0.990 	0.634 
7	4	0.649 	0.710 	0.634 	0.990 
8	1	0.990 	0.776 	0.667 	0.776 
8	2	0.776 	0.990 	0.776 	0.776 
8	3	0.667 	0.776 	0.990 	0.667 
8	4	0.776 	0.776 	0.667 	0.990 
9	1	0.990 	0.830 	0.710 	0.830 
9	2	0.830 	0.990 	0.739 	0.776 
9	3	0.710 	0.739 	0.990 	0.649 
9	4	0.830 	0.776 	0.649 	0.990 
10	1	0.990 	0.739 	0.586 	0.830 
10	2	0.739 	0.990 	0.649 	0.776 
10	3	0.586 	0.649 	0.990 	0.620 
10	4	0.830 	0.776 	0.620 	0.990 
11	1	0.990 	0.634 	0.710 	0.776 
11	2	0.634 	0.990 	0.586 	0.667 
11	3	0.710 	0.586 	0.990 	0.776 
11	4	0.776 	0.667 	0.776 	0.990 
12	1	0.990 	0.776 	0.776 	0.776 
12	2	0.776 	0.990 	0.710 	0.667 
12	3	0.776 	0.710 	0.990 	0.776 
12	4	0.776 	0.667 	0.776 	0.990 
13	1	0.990 	0.710 	0.776 	0.739 
13	2	0.710 	0.990 	0.710 	0.649 
13	3	0.776 	0.710 	0.990 	0.739 
13	4	0.739 	0.649 	0.739 	0.990 
14	1	0.990 	0.687 	0.710 	0.739 
14	2	0.687 	0.990 	0.620 	0.667 
14	3	0.710 	0.620 	0.990 	0.739 
14	4	0.739 	0.667 	0.739 	0.990 
15	1	0.990 	0.739 	0.776 	0.776 
15	2	0.739 	0.990 	0.739 	0.739 
15	3	0.776 	0.739 	0.990 	0.990 
15	4	0.776 	0.739 	0.990 	0.990 
16	1	0.990 	0.739 	0.608 	0.620 
16	2	0.739 	0.990 	0.739 	0.634 
16	3	0.608 	0.739 	0.990 	0.649 
16	4	0.620 	0.634 	0.649 	0.990 
17	1	0.990 	0.830 	0.830 	0.776 
17	2	0.830 	0.990 	0.990 	0.830 
17	3	0.830 	0.990 	0.990 	0.830 
17	4	0.776 	0.830 	0.830 	0.990 
18	1	0.990 	0.667 	0.739 	0.830 
18	2	0.667 	0.990 	0.576 	0.620 
18	3	0.739 	0.576 	0.990 	0.776 
18	4	0.830 	0.620 	0.776 	0.990 
19	1	0.990 	0.739 	0.687 	0.776 
19	2	0.739 	0.990 	0.710 	0.830 
19	3	0.687 	0.710 	0.990 	0.739 
19	4	0.776 	0.830 	0.739 	0.990 
20	1	0.990 	0.687 	0.776 	0.649 
20	2	0.687 	0.990 	0.687 	0.608 
20	3	0.776 	0.687 	0.990 	0.596 
20	4	0.649 	0.608 	0.596 	0.990 
21	1	0.990 	0.830 	0.687 	0.830 
21	2	0.830 	0.990 	0.776 	0.776 
21	3	0.687 	0.776 	0.990 	0.667 
21	4	0.830 	0.776 	0.667 	0.990 
22	1	0.990 	0.776 	0.830 	0.620 
22	2	0.776 	0.990 	0.739 	0.576 
22	3	0.830 	0.739 	0.990 	0.667 
22	4	0.620 	0.576 	0.667 	0.990 
23	1	0.990 	0.608 	0.596 	0.649 
23	2	0.608 	0.990 	0.739 	0.596 
23	3	0.596 	0.739 	0.990 	0.634 
23	4	0.649 	0.596 	0.634 	0.990 
24	1	0.990 	0.620 	0.634 	0.667 
24	2	0.620 	0.990 	0.739 	0.739 
24	3	0.634 	0.739 	0.990 	0.710 
24	4	0.667 	0.739 	0.710 	0.990 
25	1	0.990 	0.687 	0.830 	0.739 
25	2	0.687 	0.990 	0.634 	0.710 
25	3	0.830 	0.634 	0.990 	0.710 
25	4	0.739 	0.710 	0.710 	0.990 
26	1	0.990 	0.667 	0.634 	0.710 
26	2	0.667 	0.990 	0.608 	0.634 
26	3	0.634 	0.608 	0.990 	0.586 
26	4	0.710 	0.634 	0.586 	0.990 
27	1	0.990 	0.687 	0.776 	0.830 
27	2	0.687 	0.990 	0.739 	0.634 
27	3	0.776 	0.739 	0.990 	0.739 
27	4	0.830 	0.634 	0.739 	0.990 
28	1	0.990 	0.776 	0.830 	0.620 
28	2	0.776 	0.990 	0.739 	0.649 
28	3	0.830 	0.739 	0.990 	0.634 
28	4	0.620 	0.649 	0.634 	0.990 
29	1	0.990 	0.710 	0.739 	0.687 
29	2	0.710 	0.990 	0.687 	0.739 
29	3	0.739 	0.687 	0.990 	0.667 
29	4	0.687 	0.739 	0.667 	0.990 
30	1	0.990 	0.667 	0.710 	0.739 
30	2	0.667 	0.990 	0.776 	0.739 
30	3	0.710 	0.776 	0.990 	0.739 
30	4	0.739 	0.739 	0.739 	0.990 
31	1	0.990 	0.710 	0.776 	0.710 
31	2	0.710 	0.990 	0.710 	0.776 
31	3	0.776 	0.710 	0.990 	0.776 
31	4	0.710 	0.776 	0.776 	0.990 
32	1	0.990 	0.710 	0.710 	0.649 
32	2	0.710 	0.990 	0.776 	0.739 
32	3	0.710 	0.776 	0.990 	0.830 
32	4	0.649 	0.739 	0.830 	0.990 
33	1	0.990 	0.710 	0.608 	0.667 
33	2	0.710 	0.990 	0.667 	0.776 
33	3	0.608 	0.667 	0.990 	0.776 
33	4	0.667 	0.776 	0.776 	0.990 
34	1	0.990 	0.739 	0.776 	0.776 
34	2	0.739 	0.990 	0.649 	0.739 
34	3	0.776 	0.649 	0.990 	0.667 
34	4	0.776 	0.739 	0.667 	0.990 
35	1	0.990 	0.620 	0.634 	0.667 
35	2	0.620 	0.990 	0.739 	0.687 
35	3	0.634 	0.739 	0.990 	0.776 
35	4	0.667 	0.687 	0.776 	0.990 
36	1	0.990 	0.667 	0.710 	0.710 
36	2	0.667 	0.990 	0.667 	0.776 
36	3	0.710 	0.667 	0.990 	0.667 
36	4	0.710 	0.776 	0.667 	0.990 
37	1	0.990 	0.634 	0.739 	0.649 
37	2	0.634 	0.990 	0.620 	0.649 
37	3	0.739 	0.620 	0.990 	0.567 
37	4	0.649 	0.649 	0.567 	0.990 
38	1	0.990 	0.126 	0.990 	0.161 
38	2	0.115 	0.990 	0.990 	0.154 
38	3	0.125 	0.116 	0.990 	0.116 
38	4	0.119 	0.115 	0.990 	0.990 
39	1	0.990 	0.739 	0.776 	0.739 
39	2	0.739 	0.990 	0.620 	0.776 
39	3	0.776 	0.620 	0.990 	0.649 
39	4	0.739 	0.776 	0.649 	0.990 
40	1	0.990 	0.739 	0.830 	0.739 
40	2	0.739 	0.990 	0.710 	0.667 
40	3	0.830 	0.710 	0.990 	0.776 
40	4	0.739 	0.667 	0.776 	0.990 
41	1	0.990 	0.776 	0.739 	0.576 
41	2	0.776 	0.990 	0.830 	0.620 
41	3	0.739 	0.830 	0.990 	0.667 
41	4	0.576 	0.620 	0.667 	0.990 
42	1	0.990 	0.620 	0.667 	0.576 
42	2	0.620 	0.990 	0.830 	0.776 
42	3	0.667 	0.830 	0.990 	0.739 
42	4	0.576 	0.776 	0.739 	0.990 
43	1	0.990 	0.586 	0.710 	0.739 
43	2	0.586 	0.990 	0.710 	0.739 
43	3	0.710 	0.710 	0.990 	0.830 
43	4	0.739 	0.739 	0.830 	0.990 
44	1	0.990 	0.649 	0.830 	0.776 
44	2	0.649 	0.990 	0.608 	0.739 
44	3	0.830 	0.608 	0.990 	0.687 
44	4	0.776 	0.739 	0.687 	0.990 
45	1	0.990 	0.649 	0.776 	0.596 
45	2	0.649 	0.990 	0.687 	0.776 
45	3	0.776 	0.687 	0.990 	0.649 
45	4	0.596 	0.776 	0.649 	0.990 
46	1	0.990 	0.687 	0.739 	0.634 
46	2	0.687 	0.990 	0.667 	0.739 
46	3	0.739 	0.667 	0.990 	0.596 
46	4	0.634 	0.739 	0.596 	0.990 
47	1	0.990 	0.649 	0.667 	0.634 
47	2	0.649 	0.990 	0.830 	0.649 
47	3	0.667 	0.830 	0.990 	0.667 
47	4	0.634 	0.649 	0.667 	0.990 
48	1	0.990 	0.739 	0.710 	0.990 
48	2	0.739 	0.990 	0.620 	0.739 
48	3	0.710 	0.620 	0.990 	0.710 
48	4	0.990 	0.739 	0.710 	0.990 
49	1	0.990 	0.739 	0.830 	0.830 
49	2	0.739 	0.990 	0.710 	0.710 
49	3	0.830 	0.710 	0.990 	0.990 
49	4	0.830 	0.710 	0.990 	0.990 
50	1	0.990 	0.649 	0.649 	0.710 
50	2	0.649 	0.990 	0.776 	0.830 
50	3	0.649 	0.776 	0.990 	0.739 
50	4	0.710 	0.830 	0.739 	0.990 
51	1	0.990 	0.667 	0.830 	0.667 
51	2	0.667 	0.990 	0.687 	0.687 
51	3	0.830 	0.687 	0.990 	0.830 
51	4	0.710 	0.667 	0.634 	0.990 
52	1	0.990 	0.739 	0.634 	0.620 
52	2	0.739 	0.990 	0.620 	0.608 
52	3	0.634 	0.620 	0.990 	0.649 
52	4	0.620 	0.608 	0.649 	0.990 
53	1	0.990 	0.608 	0.649 	0.776 
53	2	0.608 	0.990 	0.649 	0.608 
53	3	0.649 	0.649 	0.990 	0.596 
53	4	0.776 	0.608 	0.596 	0.990 
54	1	0.990 	0.739 	0.990 	0.620 
54	2	0.739 	0.990 	0.739 	0.710 
54	3	0.990 	0.739 	0.990 	0.620 
54	4	0.620 	0.710 	0.620 	0.990 
55	1	0.990 	0.586 	0.608 	0.649 
55	2	0.586 	0.990 	0.667 	0.687 
55	3	0.608 	0.667 	0.990 	0.830 
55	4	0.649 	0.687 	0.830 	0.990 
56	1	0.990 	0.710 	0.739 	0.739 
56	2	0.710 	0.990 	0.739 	0.687 
56	3	0.739 	0.739 	0.990 	0.710 
56	4	0.739 	0.687 	0.710 	0.990 
57	1	0.990 	0.710 	0.596 	0.667 
57	2	0.710 	0.990 	0.739 	0.776 
57	3	0.596 	0.739 	0.990 	0.687 
57	4	0.667 	0.776 	0.687 	0.990 
58	1	0.990 	0.739 	0.649 	0.776 
58	2	0.739 	0.990 	0.608 	0.739 
58	3	0.649 	0.608 	0.990 	0.596 
58	4	0.776 	0.739 	0.596 	0.990 
59	1	0.990 	0.739 	0.830 	0.649 
59	2	0.739 	0.990 	0.667 	0.634 
59	3	0.830 	0.667 	0.990 	0.608 
59	4	0.649 	0.634 	0.608 	0.990 
60	1	0.990 	0.608 	0.710 	0.634 
60	2	0.608 	0.990 	0.710 	0.776 
60	3	0.710 	0.710 	0.990 	0.710 
60	4	0.634 	0.776 	0.710 	0.990 
61	1	0.990 	0.634 	0.990 	0.649 
61	2	0.634 	0.990 	0.634 	0.649 
61	3	0.990 	0.634 	0.990 	0.649 
61	4	0.649 	0.649 	0.649 	0.990 
62	1	0.990 	0.710 	0.634 	0.687 
62	2	0.710 	0.990 	0.776 	0.739 
62	3	0.634 	0.776 	0.990 	0.739 
62	4	0.687 	0.739 	0.739 	0.990 
63	1	0.990 	0.687 	0.739 	0.710 
63	2	0.687 	0.990 	0.710 	0.830 
63	3	0.739 	0.710 	0.990 	0.687 
63	4	0.710 	0.830 	0.687 	0.990 
64	1	0.990 	0.634 	0.830 	0.739 
64	2	0.634 	0.990 	0.687 	0.596 
64	3	0.830 	0.687 	0.990 	0.710 
64	4	0.739 	0.596 	0.710 	0.990 
65	1	0.990 	0.990 	0.776 	0.830 
65	2	0.990 	0.990 	0.776 	0.830 
65	3	0.776 	0.776 	0.990 	0.830 
65	4	0.830 	0.830 	0.830 	0.990 
66	1	0.990 	0.739 	0.649 	0.830 
66	2	0.739 	0.990 	0.710 	0.776 
66	3	0.649 	0.710 	0.990 	0.710 
66	4	0.830 	0.776 	0.710 	0.990 
67	1	0.990 	0.739 	0.739 	0.667 
67	2	0.739 	0.990 	0.710 	0.649 
67	3	0.739 	0.710 	0.990 	0.687 
67	4	0.667 	0.649 	0.687 	0.990 
68	1	0.990 	0.667 	0.776 	0.687 
68	2	0.667 	0.990 	0.710 	0.739 
68	3	0.776 	0.710 	0.990 	0.739 
68	4	0.687 	0.739 	0.739 	0.990 
69	1	0.990 	0.687 	0.634 	0.649 
69	2	0.987 	0.990 	0.339 	0.634 
69	3	0.834 	0.239 	0.990 	0.649 
69	4	0.949 	0.634 	0.649 	0.990 
70	1	0.990 	0.139 	0.687 	0.596 
70	2	0.739 	0.990 	0.634 	0.634 
70	3	0.687 	0.634 	0.990 	0.608 
70	4	0.596 	0.634 	0.608 	0.990 
71	1	0.990 	0.739 	0.739 	0.687 
71	2	0.739 	0.990 	0.710 	0.710 
71	3	0.739 	0.710 	0.990 	0.710 
71	4	0.687 	0.710 	0.710 	0.990 
72	1	0.990 	0.687 	0.667 	0.776 
72	2	0.687 	0.990 	0.739 	0.649 
72	3	0.667 	0.739 	0.990 	0.634 
72	4	0.776 	0.649 	0.634 	0.990 
73	1	0.990 	0.710 	0.710 	0.687 
73	2	0.710 	0.990 	0.710 	0.649 
73	3	0.710 	0.710 	0.990 	0.687 
73	4	0.687 	0.649 	0.687 	0.990 
74	1	0.990 	0.830 	0.630 	0.634 
74	2	0.830 	0.990 	0.776 	0.620 
74	3	0.930 	0.676 	0.990 	0.549 
74	4	0.634 	0.820 	0.549 	0.990 
75	1	0.990 	0.737 	0.687 	0.649 
75	2	0.739 	0.990 	0.634 	0.634 
75	3	0.687 	0.634 	0.990 	0.667 
75	4	0.687 	0.634 	0.667 	0.990 
76	1	0.990 	0.830 	0.739 	0.710 
76	2	0.830 	0.990 	0.710 	0.739 
76	3	0.739 	0.710 	0.990 	0.830 
76	4	0.710 	0.739 	0.830 	0.990 
77	1	0.990 	0.634 	0.739 	0.586 
77	2	0.634 	0.990 	0.739 	0.776 
77	3	0.739 	0.739 	0.990 	0.687 
77	4	0.586 	0.776 	0.687 	0.990 
78	1	0.990 	0.634 	0.608 	0.710 
78	2	0.634 	0.990 	0.586 	0.710 
78	3	0.608 	0.586 	0.990 	0.586 
78	4	0.710 	0.710 	0.586 	0.990 
79	1	0.990 	0.687 	0.596 	0.776 
79	2	0.687 	0.990 	0.667 	0.687 
79	3	0.596 	0.667 	0.990 	0.649 
79	4	0.776 	0.687 	0.649 	0.990 
80	1	0.990 	0.649 	0.576 	0.649 
80	2	0.649 	0.990 	0.776 	0.776 
80	3	0.576 	0.776 	0.990 	0.776 
80	4	0.649 	0.776 	0.776 	0.990 
81	1	0.990 	0.739 	0.596 	0.586 
81	2	0.739 	0.990 	0.634 	0.649 
81	3	0.596 	0.634 	0.990 	0.739 
81	4	0.586 	0.649 	0.739 	0.990 
82	1	0.990 	0.830 	0.739 	0.830 
82	2	0.830 	0.990 	0.776 	0.990 
82	3	0.739 	0.776 	0.990 	0.776 
82	4	0.830 	0.990 	0.776 	0.990 
83	1	0.990 	0.776 	0.739 	0.687 
83	2	0.776 	0.990 	0.739 	0.687 
83	3	0.739 	0.739 	0.990 	0.776 
83	4	0.687 	0.687 	0.776 	0.990 
84	1	0.990 	0.739 	0.710 	0.776 
84	2	0.739 	0.990 	0.830 	0.739 
84	3	0.710 	0.830 	0.990 	0.776 
84	4	0.776 	0.739 	0.776 	0.990 
85	1	0.990 	0.710 	0.776 	0.596 
85	2	0.710 	0.990 	0.776 	0.687 
85	3	0.776 	0.776 	0.990 	0.649 
85	4	0.596 	0.687 	0.649 	0.990 
86	1	0.990 	0.739 	0.558 	0.586 
86	2	0.739 	0.990 	0.608 	0.649 
86	3	0.558 	0.608 	0.990 	0.739 
86	4	0.586 	0.649 	0.739 	0.990 
87	1	0.990 	0.776 	0.710 	0.776 
87	2	0.776 	0.990 	0.667 	0.776 
87	3	0.710 	0.667 	0.990 	0.667 
87	4	0.776 	0.776 	0.667 	0.990 
88	1	0.990 	0.687 	0.667 	0.776 
88	2	0.687 	0.990 	0.830 	0.830 
88	3	0.667 	0.830 	0.990 	0.776 
88	4	0.776 	0.830 	0.776 	0.990 
89	1	0.990 	0.710 	0.634 	0.649 
89	2	0.710 	0.990 	0.776 	0.649 
89	3	0.634 	0.776 	0.990 	0.576 
89	4	0.649 	0.649 	0.576 	0.990 
90	1	0.990 	0.776 	0.776 	0.990 
90	2	0.776 	0.990 	0.710 	0.776 
90	3	0.776 	0.710 	0.990 	0.776 
90	4	0.990 	0.776 	0.776 	0.990 
91	1	0.990 	0.710 	0.687 	0.687 
91	2	0.710 	0.990 	0.830 	0.739 
91	3	0.687 	0.830 	0.990 	0.776 
91	4	0.687 	0.739 	0.776 	0.990 
92	1	0.990 	0.776 	0.739 	0.710 
92	2	0.776 	0.990 	0.830 	0.667 
92	3	0.739 	0.830 	0.990 	0.620 
92	4	0.710 	0.667 	0.620 	0.990 
93	1	0.990 	0.649 	0.739 	0.776 
93	2	0.649 	0.990 	0.710 	0.649 
93	3	0.739 	0.710 	0.990 	0.739 
93	4	0.776 	0.649 	0.739 	0.990 
94	1	0.990 	0.830 	0.739 	0.739 
94	2	0.830 	0.990 	0.776 	0.710 
94	3	0.739 	0.776 	0.990 	0.710 
94	4	0.739 	0.710 	0.710 	0.990 
95	1	0.990 	0.710 	0.710 	0.710 
95	2	0.710 	0.990 	0.667 	0.990 
95	3	0.710 	0.667 	0.990 	0.667 
95	4	0.710 	0.990 	0.667 	0.990 
96	1	0.990 	0.710 	0.687 	0.710 
96	2	0.710 	0.990 	0.620 	0.776 
96	3	0.687 	0.620 	0.990 	0.687 
96	4	0.710 	0.776 	0.687 	0.990 
97	1	0.990 	0.739 	0.710 	0.739 
97	2	0.739 	0.990 	0.739 	0.667 
97	3	0.710 	0.739 	0.990 	0.649 
97	4	0.739 	0.667 	0.649 	0.990 
98	1	0.990 	0.634 	0.620 	0.667 
98	2	0.634 	0.990 	0.739 	0.634 
98	3	0.620 	0.739 	0.990 	0.739 
98	4	0.667 	0.634 	0.739 	0.990 
99	1	0.990 	0.776 	0.776 	0.710 
99	2	0.776 	0.990 	0.710 	0.776 
99	3	0.776 	0.710 	0.990 	0.667 
99	4	0.710 	0.776 	0.667 	0.990 
100	1	0.990 	0.667 	0.620 	0.687 
100	2	0.667 	0.990 	0.649 	0.739 
100	3	0.620 	0.649 	0.990 	0.710 
100	4	0.687 	0.739 	0.710 	0.990 
101	1	0.990 	0.687 	0.710 	0.620 
101	2	0.687 	0.990 	0.687 	0.710 
101	3	0.710 	0.687 	0.990 	0.687 
101	4	0.620 	0.710 	0.687 	0.990 
102	1	0.990 	0.830 	0.687 	0.687 
102	2	0.830 	0.990 	0.667 	0.710 
102	3	0.687 	0.667 	0.990 	0.710 
102	4	0.687 	0.710 	0.710 	0.990 
103	1	0.990 	0.710 	0.687 	0.739 
103	2	0.710 	0.990 	0.687 	0.687 
103	3	0.687 	0.687 	0.990 	0.710 
103	4	0.739 	0.687 	0.710 	0.990 
104	1	0.990 	0.649 	0.687 	0.667 
104	2	0.649 	0.990 	0.776 	0.830 
104	3	0.687 	0.776 	0.990 	0.739 
104	4	0.667 	0.830 	0.739 	0.990 
105	1	0.990 	0.596 	0.739 	0.667 
105	2	0.596 	0.990 	0.634 	0.649 
105	3	0.739 	0.634 	0.990 	0.739 
105	4	0.667 	0.649 	0.739 	0.990 
106	1	0.990 	0.634 	0.687 	0.667 
106	2	0.634 	0.990 	0.687 	0.667 
106	3	0.687 	0.687 	0.990 	0.649 
106	4	0.667 	0.667 	0.649 	0.990 
107	1	0.990 	0.776 	0.687 	0.710 
107	2	0.776 	0.990 	0.830 	0.776 
107	3	0.687 	0.830 	0.990 	0.739 
107	4	0.710 	0.776 	0.739 	0.990 
108	1	0.990 	0.710 	0.667 	0.596 
108	2	0.710 	0.990 	0.667 	0.687 
108	3	0.667 	0.667 	0.990 	0.687 
108	4	0.596 	0.687 	0.687 	0.990 
109	1	0.990 	0.739 	0.739 	0.739 
109	2	0.739 	0.990 	0.710 	0.667 
109	3	0.739 	0.710 	0.990 	0.776 
109	4	0.739 	0.667 	0.776 	0.990 
110	1	0.990 	0.710 	0.776 	0.739 
110	2	0.710 	0.990 	0.667 	0.687 
110	3	0.776 	0.667 	0.990 	0.739 
110	4	0.739 	0.687 	0.739 	0.990 
111	1	0.990 	0.634 	0.634 	0.776 
111	2	0.634 	0.990 	0.710 	0.667 
111	3	0.634 	0.710 	0.990 	0.667 
111	4	0.776 	0.667 	0.667 	0.990 
112	1	0.990 	0.634 	0.776 	0.710 
112	2	0.634 	0.990 	0.634 	0.710 
112	3	0.776 	0.634 	0.990 	0.710 
112	4	0.710 	0.710 	0.710 	0.990 
113	1	0.990 	0.649 	0.710 	0.634 
113	2	0.649 	0.990 	0.739 	0.830 
113	3	0.710 	0.739 	0.990 	0.710 
113	4	0.634 	0.830 	0.710 	0.990 
114	1	0.990 	0.710 	0.667 	0.710 
114	2	0.710 	0.990 	0.667 	0.776 
114	3	0.667 	0.667 	0.990 	0.667 
114	4	0.710 	0.776 	0.667 	0.990 
115	1	0.990 	0.710 	0.710 	0.739 
115	2	0.710 	0.990 	0.776 	0.739 
115	3	0.710 	0.776 	0.990 	0.739 
115	4	0.739 	0.739 	0.739 	0.990 
116	1	0.990 	0.739 	0.830 	0.710 
116	2	0.739 	0.990 	0.667 	0.620 
116	3	0.830 	0.667 	0.990 	0.687 
116	4	0.710 	0.620 	0.687 	0.990 
117	1	0.990 	0.776 	0.710 	0.634 
117	2	0.776 	0.990 	0.667 	0.608 
117	3	0.710 	0.667 	0.990 	0.710 
117	4	0.634 	0.608 	0.710 	0.990 
118	1	0.990 	0.620 	0.567 	0.620 
118	2	0.620 	0.990 	0.687 	0.776 
118	3	0.567 	0.687 	0.990 	0.739 
118	4	0.620 	0.776 	0.739 	0.990 
119	1	0.990 	0.830 	0.776 	0.776 
119	2	0.830 	0.990 	0.739 	0.830 
119	3	0.776 	0.739 	0.990 	0.710 
119	4	0.776 	0.830 	0.710 	0.990 
120	1	0.990 	0.710 	0.776 	0.687 
120	2	0.710 	0.990 	0.710 	0.739 
120	3	0.776 	0.710 	0.990 	0.739 
120	4	0.687 	0.739 	0.739 	0.990 
121	1	0.990 	0.776 	0.687 	0.710 
121	2	0.776 	0.990 	0.739 	0.776 
121	3	0.687 	0.739 	0.990 	0.687 
121	4	0.710 	0.776 	0.687 	0.990 
122	1	0.990 	0.634 	0.687 	0.739 
122	2	0.634 	0.990 	0.649 	0.739 
122	3	0.687 	0.649 	0.990 	0.990 
122	4	0.739 	0.739 	0.990 	0.990 
123	1	0.990 	0.710 	0.687 	0.739 
123	2	0.710 	0.990 	0.739 	0.739 
123	3	0.687 	0.739 	0.990 	0.776 
123	4	0.739 	0.739 	0.776 	0.990 
124	1	0.990 	0.667 	0.739 	0.776 
124	2	0.667 	0.990 	0.687 	0.667 
124	3	0.739 	0.687 	0.990 	0.739 
124	4	0.776 	0.667 	0.739 	0.990 
125	1	0.990 	0.667 	0.049 	0.687 
125	2	0.667 	0.990 	0.739 	0.739 
125	3	0.649 	0.739 	0.990 	0.634 
125	4	0.687 	0.739 	0.634 	0.990 
126	1	0.990 	0.667 	0.596 	0.608 
126	2	0.667 	0.990 	0.739 	0.776 
126	3	0.596 	0.739 	0.990 	0.739 
126	4	0.608 	0.776 	0.739 	0.990 
127	1	0.990 	0.649 	0.687 	0.687 
127	2	0.649 	0.990 	0.710 	0.634 
127	3	0.687 	0.710 	0.990 	0.586 
127	4	0.687 	0.634 	0.586 	0.990 
128	1	0.990 	0.649 	0.739 	0.608 
128	2	0.649 	0.990 	0.710 	0.687 
128	3	0.739 	0.710 	0.990 	0.620 
128	4	0.608 	0.687 	0.620 	0.990 
129	1	0.990 	0.830 	0.687 	0.710 
129	2	0.830 	0.990 	0.710 	0.687 
129	3	0.687 	0.710 	0.990 	0.687 
129	4	0.710 	0.687 	0.687 	0.990 
130	1	0.990 	0.687 	0.687 	0.710 
130	2	0.687 	0.990 	0.667 	0.739 
130	3	0.687 	0.667 	0.990 	0.739 
130	4	0.710 	0.739 	0.739 	0.990 
131	1	0.990 	0.776 	0.649 	0.687 
131	2	0.776 	0.990 	0.687 	0.739 
131	3	0.649 	0.687 	0.990 	0.586 
131	4	0.687 	0.739 	0.586 	0.990 
132	1	0.990 	0.649 	0.739 	0.687 
132	2	0.649 	0.990 	0.634 	0.586 
132	3	0.739 	0.634 	0.990 	0.710 
132	4	0.687 	0.586 	0.710 	0.990 
133	1	0.990 	0.634 	0.739 	0.687 
133	2	0.634 	0.990 	0.739 	0.620 
133	3	0.739 	0.739 	0.990 	0.776 
133	4	0.687 	0.620 	0.776 	0.990 
134	1	0.990 	0.739 	0.649 	0.710 
134	2	0.739 	0.990 	0.667 	0.830 
134	3	0.649 	0.667 	0.990 	0.687 
134	4	0.710 	0.830 	0.687 	0.990 
135	1	0.990 	0.710 	0.649 	0.667 
135	2	0.710 	0.990 	0.687 	0.634 
135	3	0.649 	0.687 	0.990 	0.649 
135	4	0.667 	0.634 	0.649 	0.990 
136	1	0.990 	0.710 	0.634 	0.710 
136	2	0.710 	0.990 	0.667 	0.710 
136	3	0.634 	0.667 	0.990 	0.776 
136	4	0.710 	0.710 	0.776 	0.990 
137	1	0.990 	0.776 	0.739 	0.776 
137	2	0.776 	0.990 	0.739 	0.990 
137	3	0.739 	0.739 	0.990 	0.739 
137	4	0.776 	0.990 	0.739 	0.990 
138	1	0.990 	0.776 	0.739 	0.649 
138	2	0.776 	0.990 	0.687 	0.620 
138	3	0.739 	0.687 	0.990 	0.710 
138	4	0.649 	0.620 	0.710 	0.990 
139	1	0.990 	0.739 	0.739 	0.739 
139	2	0.739 	0.990 	0.776 	0.990 
139	3	0.739 	0.776 	0.990 	0.776 
139	4	0.739 	0.990 	0.776 	0.990 
140	1	0.990 	0.739 	0.776 	0.710 
140	2	0.739 	0.990 	0.739 	0.649 
140	3	0.776 	0.739 	0.990 	0.710 
140	4	0.710 	0.649 	0.710 	0.990 
141	1	0.990 	0.739 	0.776 	0.687 
141	2	0.739 	0.990 	0.739 	0.567 
141	3	0.776 	0.739 	0.990 	0.620 
141	4	0.687 	0.567 	0.620 	0.990 
142	1	0.990 	0.608 	0.634 	0.739 
142	2	0.608 	0.990 	0.634 	0.620 
142	3	0.634 	0.634 	0.990 	0.739 
142	4	0.739 	0.620 	0.739 	0.990 
143	1	0.990 	0.710 	0.710 	0.649 
143	2	0.710 	0.990 	0.634 	0.649 
143	3	0.710 	0.634 	0.990 	0.649 
143	4	0.649 	0.649 	0.649 	0.990 
144	1	0.990 	0.776 	0.687 	0.667 
144	2	0.776 	0.990 	0.739 	0.776 
144	3	0.687 	0.739 	0.990 	0.739 
144	4	0.667 	0.776 	0.739 	0.990 
145	1	0.990 	0.710 	0.710 	0.739 
145	2	0.710 	0.990 	0.710 	0.830 
145	3	0.710 	0.710 	0.990 	0.687 
145	4	0.739 	0.830 	0.687 	0.990 
146	1	0.990 	0.649 	0.649 	0.710 
146	2	0.649 	0.990 	0.710 	0.739 
146	3	0.649 	0.710 	0.990 	0.649 
146	4	0.710 	0.739 	0.649 	0.990 
147	1	0.990 	0.776 	0.667 	0.634 
147	2	0.776 	0.990 	0.634 	0.586 
147	3	0.667 	0.634 	0.990 	0.776 
147	4	0.634 	0.586 	0.776 	0.990 
148	1	0.990 	0.830 	0.710 	0.739 
148	2	0.830 	0.990 	0.739 	0.667 
148	3	0.710 	0.739 	0.990 	0.649 
148	4	0.739 	0.667 	0.649 	0.990 
149	1	0.990 	0.687 	0.620 	0.830 
149	2	0.687 	0.990 	0.776 	0.710 
149	3	0.620 	0.776 	0.990 	0.667 
149	4	0.830 	0.710 	0.667 	0.990 
150	1	0.990 	0.634 	0.710 	0.776 
150	2	0.634 	0.990 	0.634 	0.710 
150	3	0.710 	0.634 	0.990 	0.667 
150	4	0.776 	0.710 	0.667 	0.990 
151	1	0.990 	0.710 	0.649 	0.710 
151	2	0.710 	0.990 	0.687 	0.776 
151	3	0.649 	0.687 	0.990 	0.649 
151	4	0.710 	0.776 	0.649 	0.990 
152	1	0.990 	0.649 	0.710 	0.687 
152	2	0.649 	0.990 	0.649 	0.710 
152	3	0.710 	0.649 	0.990 	0.687 
152	4	0.687 	0.710 	0.687 	0.990 
153	1	0.990 	0.687 	0.739 	0.739 
153	2	0.687 	0.990 	0.776 	0.776 
153	3	0.739 	0.776 	0.990 	0.710 
153	4	0.739 	0.776 	0.710 	0.990 
154	1	0.990 	0.739 	0.710 	0.667 
154	2	0.739 	0.990 	0.687 	0.596 
154	3	0.710 	0.687 	0.990 	0.608 
154	4	0.667 	0.596 	0.608 	0.990 
155	1	0.990 	0.634 	0.776 	0.649 
155	2	0.634 	0.990 	0.667 	0.830 
155	3	0.776 	0.667 	0.990 	0.649 
155	4	0.649 	0.830 	0.649 	0.990 
156	1	0.990 	0.687 	0.608 	0.667 
156	2	0.687 	0.990 	0.596 	0.649 
156	3	0.608 	0.596 	0.990 	0.634 
156	4	0.667 	0.649 	0.634 	0.990 
157	1	0.990 	0.649 	0.830 	0.649 
157	2	0.649 	0.990 	0.634 	0.710 
157	3	0.830 	0.634 	0.990 	0.667 
157	4	0.649 	0.710 	0.667 	0.990 
158	1	0.990 	0.739 	0.687 	0.667 
158	2	0.739 	0.990 	0.776 	0.739 
158	3	0.687 	0.776 	0.990 	0.649 
158	4	0.667 	0.739 	0.649 	0.990 
159	1	0.990 	0.710 	0.739 	0.687 
159	2	0.710 	0.990 	0.687 	0.649 
159	3	0.739 	0.687 	0.990 	0.776 
159	4	0.687 	0.649 	0.776 	0.990 
160	1	0.990 	0.687 	0.739 	0.620 
160	2	0.687 	0.990 	0.667 	0.776 
160	3	0.739 	0.667 	0.990 	0.634 
160	4	0.620 	0.776 	0.634 	0.990 
161	1	0.990 	0.667 	0.687 	0.649 
161	2	0.667 	0.990 	0.739 	0.830 
161	3	0.687 	0.739 	0.990 	0.710 
161	4	0.649 	0.830 	0.710 	0.990 
162	1	0.990 	0.710 	0.634 	0.634 
162	2	0.710 	0.990 	0.667 	0.634 
162	3	0.634 	0.667 	0.990 	0.667 
162	4	0.634 	0.634 	0.667 	0.990 
163	1	0.990 	0.739 	0.710 	0.739 
163	2	0.739 	0.990 	0.649 	0.990 
163	3	0.710 	0.649 	0.990 	0.649 
163	4	0.739 	0.990 	0.649 	0.990 
164	1	0.990 	0.649 	0.710 	0.649 
164	2	0.649 	0.990 	0.739 	0.776 
164	3	0.710 	0.739 	0.990 	0.739 
164	4	0.649 	0.776 	0.739 	0.990 
165	1	0.990 	0.687 	0.634 	0.576 
165	2	0.687 	0.990 	0.687 	0.667 
165	3	0.634 	0.687 	0.990 	0.739 
165	4	0.576 	0.667 	0.739 	0.990 
166	1	0.990 	0.667 	0.649 	0.667 
166	2	0.667 	0.990 	0.687 	0.776 
166	3	0.649 	0.687 	0.990 	0.649 
166	4	0.667 	0.776 	0.649 	0.990 
167	1	0.990 	0.687 	0.739 	0.739 
167	2	0.687 	0.990 	0.634 	0.667 
167	3	0.739 	0.634 	0.990 	0.776 
167	4	0.739 	0.667 	0.776 	0.990 
168	1	0.990 	0.634 	0.739 	0.710 
168	2	0.634 	0.990 	0.739 	0.776 
168	3	0.739 	0.739 	0.990 	0.739 
168	4	0.710 	0.776 	0.739 	0.990 
169	1	0.990 	0.776 	0.739 	0.990 
169	2	0.776 	0.990 	0.739 	0.776 
169	3	0.739 	0.739 	0.990 	0.739 
169	4	0.990 	0.776 	0.739 	0.990 
170	1	0.990 	0.830 	0.687 	0.739 
170	2	0.830 	0.990 	0.710 	0.710 
170	3	0.687 	0.710 	0.990 	0.710 
170	4	0.739 	0.710 	0.710 	0.990 
171	1	0.990 	0.830 	0.739 	0.830 
171	2	0.830 	0.990 	0.710 	0.776 
171	3	0.739 	0.710 	0.990 	0.667 
171	4	0.830 	0.776 	0.667 	0.990 
172	1	0.990 	0.739 	0.687 	0.596 
172	2	0.739 	0.990 	0.710 	0.634 
172	3	0.687 	0.710 	0.990 	0.567 
172	4	0.596 	0.634 	0.567 	0.990 
173	1	0.990 	0.739 	0.620 	0.687 
173	2	0.739 	0.990 	0.710 	0.710 
173	3	0.620 	0.710 	0.990 	0.667 
173	4	0.687 	0.710 	0.667 	0.990 
174	1	0.990 	0.830 	0.776 	0.776 
174	2	0.830 	0.990 	0.830 	0.739 
174	3	0.776 	0.830 	0.990 	0.776 
174	4	0.776 	0.739 	0.776 	0.990 
175	1	0.990 	0.830 	0.649 	0.649 
175	2	0.830 	0.990 	0.634 	0.667 
175	3	0.649 	0.634 	0.990 	0.776 
175	4	0.649 	0.667 	0.776 	0.990 
176	1	0.990 	0.649 	0.710 	0.710 
176	2	0.649 	0.990 	0.687 	0.687 
176	3	0.710 	0.687 	0.990 	0.990 
176	4	0.710 	0.687 	0.990 	0.990 
177	1	0.990 	0.649 	0.739 	0.776 
177	2	0.649 	0.990 	0.608 	0.620 
177	3	0.739 	0.608 	0.990 	0.739 
177	4	0.776 	0.620 	0.739 	0.990 
178	1	0.990 	0.830 	0.776 	0.830 
178	2	0.830 	0.990 	0.830 	0.776 
178	3	0.776 	0.830 	0.990 	0.739 
178	4	0.830 	0.776 	0.739 	0.990 
179	1	0.990 	0.776 	0.776 	0.739 
179	2	0.776 	0.990 	0.776 	0.830 
179	3	0.776 	0.776 	0.990 	0.739 
179	4	0.739 	0.830 	0.739 	0.990 
180	1	0.990 	0.649 	0.634 	0.739 
180	2	0.649 	0.990 	0.649 	0.608 
180	3	0.634 	0.649 	0.990 	0.558 
180	4	0.739 	0.608 	0.558 	0.990 
181	1	0.990 	0.739 	0.710 	0.586 
181	2	0.739 	0.990 	0.830 	0.687 
181	3	0.710 	0.830 	0.990 	0.634 
181	4	0.586 	0.687 	0.634 	0.990 
182	1	0.990 	0.739 	0.739 	0.710 
182	2	0.739 	0.990 	0.990 	0.830 
182	3	0.739 	0.990 	0.990 	0.830 
182	4	0.710 	0.830 	0.830 	0.990 
183	1	0.990 	0.830 	0.687 	0.634 
183	2	0.830 	0.990 	0.710 	0.649 
183	3	0.687 	0.710 	0.990 	0.739 
183	4	0.634 	0.649 	0.739 	0.990 
184	1	0.990 	0.739 	0.710 	0.710 
184	2	0.739 	0.990 	0.649 	0.830 
184	3	0.710 	0.649 	0.990 	0.634 
184	4	0.710 	0.830 	0.634 	0.990 
185	1	0.990 	0.710 	0.667 	0.634 
185	2	0.710 	0.990 	0.710 	0.634 
185	3	0.667 	0.710 	0.990 	0.776 
185	4	0.634 	0.634 	0.776 	0.990 
186	1	0.990 	0.776 	0.649 	0.710 
186	2	0.776 	0.990 	0.687 	0.776 
186	3	0.649 	0.687 	0.990 	0.739 
186	4	0.710 	0.776 	0.739 	0.990 
187	1	0.990 	0.667 	0.739 	0.620 
187	2	0.667 	0.990 	0.620 	0.649 
187	3	0.739 	0.620 	0.990 	0.608 
187	4	0.620 	0.649 	0.608 	0.990 
188	1	0.990 	0.830 	0.739 	0.776 
188	2	0.830 	0.990 	0.710 	0.739 
188	3	0.739 	0.710 	0.990 	0.687 
188	4	0.776 	0.739 	0.687 	0.990 
189	1	0.990 	0.830 	0.776 	0.776 
189	2	0.830 	0.990 	0.830 	0.739 
189	3	0.776 	0.830 	0.990 	0.667 
189	4	0.776 	0.739 	0.667 	0.990 
190	1	0.990 	0.667 	0.667 	0.710 
190	2	0.667 	0.990 	0.667 	0.776 
190	3	0.667 	0.667 	0.990 	0.776 
190	4	0.710 	0.776 	0.776 	0.990 
191	1	0.990 	0.739 	0.710 	0.739 
191	2	0.739 	0.990 	0.739 	0.710 
191	3	0.710 	0.739 	0.990 	0.739 
191	4	0.739 	0.710 	0.739 	0.990 
192	1	0.990 	0.649 	0.687 	0.710 
192	2	0.649 	0.990 	0.776 	0.739 
192	3	0.687 	0.776 	0.990 	0.739 
192	4	0.710 	0.739 	0.739 	0.990 
193	1	0.990 	0.776 	0.710 	0.830 
193	2	0.776 	0.990 	0.710 	0.739 
193	3	0.710 	0.710 	0.990 	0.739 
193	4	0.830 	0.739 	0.739 	0.990 
194	1	0.990 	0.710 	0.830 	0.649 
194	2	0.710 	0.990 	0.687 	0.649 
194	3	0.830 	0.687 	0.990 	0.710 
194	4	0.649 	0.649 	0.710 	0.990 
195	1	0.990 	0.776 	0.667 	0.634 
195	2	0.776 	0.990 	0.776 	0.710 
195	3	0.667 	0.776 	0.990 	0.776 
195	4	0.634 	0.710 	0.776 	0.990 
196	1	0.990 	0.739 	0.634 	0.739 
196	2	0.739 	0.990 	0.649 	0.710 
196	3	0.634 	0.649 	0.990 	0.739 
196	4	0.739 	0.710 	0.739 	0.990 
197	1	0.990 	0.687 	0.739 	0.776 
197	2	0.687 	0.990 	0.710 	0.739 
197	3	0.739 	0.710 	0.990 	0.830 
197	4	0.776 	0.739 	0.830 	0.990 
198	1	0.990 	0.739 	0.739 	0.739 
198	2	0.739 	0.990 	0.710 	0.710 
198	3	0.739 	0.710 	0.990 	0.710 
198	4	0.739 	0.710 	0.710 	0.990 
199	1	0.990 	0.830 	0.739 	0.620 
199	2	0.830 	0.990 	0.776 	0.608 
199	3	0.739 	0.776 	0.990 	0.634 
199	4	0.620 	0.608 	0.634 	0.990 
200	1	0.990 	0.687 	0.596 	0.710 
200	2	0.687 	0.990 	0.710 	0.830 
200	3	0.596 	0.710 	0.990 	0.739 
200	4	0.710 	0.830 	0.739 	0.990 
201	1	0.990 	0.845 	0.889 	0.881 
201	2	0.845 	0.990 	0.845 	0.908 
201	3	0.889 	0.845 	0.990 	0.919 
201	4	0.881 	0.908 	0.919 	0.990 
202	1	0.990 	0.919 	0.889 	0.919 
202	2	0.919 	0.990 	0.881 	0.933 
202	3	0.889 	0.881 	0.990 	0.881 
202	4	0.919 	0.933 	0.881 	0.990 
203	1	0.990 	0.951 	0.898 	0.844 
203	2	0.951 	0.990 	0.889 	0.839 
203	3	0.898 	0.889 	0.990 	0.887 
203	4	0.844 	0.839 	0.887 	0.990 
204	1	0.990 	0.898 	0.990 	0.855 
204	2	0.898 	0.990 	0.898 	0.874 
204	3	0.990 	0.898 	0.990 	0.855 
204	4	0.855 	0.874 	0.855 	0.990 
205	1	0.990 	0.872 	0.881 	0.881 
205	2	0.872 	0.990 	0.844 	0.844 
205	3	0.881 	0.844 	0.990 	0.990 
205	4	0.881 	0.844 	0.990 	0.990 
206	1	0.990 	0.889 	0.866 	0.844 
206	2	0.889 	0.990 	0.834 	0.835 
206	3	0.866 	0.834 	0.990 	0.831 
206	4	0.844 	0.835 	0.831 	0.990 
207	1	0.990 	0.784 	0.813 	0.855 
207	2	0.784 	0.990 	0.855 	0.765 
207	3	0.813 	0.855 	0.990 	0.844 
207	4	0.855 	0.765 	0.844 	0.990 
208	1	0.990 	0.872 	0.887 	0.854 
208	2	0.872 	0.990 	0.861 	0.919 
208	3	0.887 	0.861 	0.990 	0.827 
208	4	0.854 	0.919 	0.827 	0.990 
209	1	0.990 	0.919 	0.905 	0.854 
209	2	0.919 	0.990 	0.866 	0.830 
209	3	0.905 	0.866 	0.990 	0.855 
209	4	0.854 	0.830 	0.855 	0.990 
210	1	0.990 	0.829 	0.889 	0.874 
210	2	0.829 	0.990 	0.849 	0.839 
210	3	0.889 	0.849 	0.990 	0.933 
210	4	0.874 	0.839 	0.933 	0.990 
211	1	0.990 	0.919 	0.840 	0.874 
211	2	0.919 	0.990 	0.818 	0.845 
211	3	0.840 	0.818 	0.990 	0.800 
211	4	0.874 	0.845 	0.800 	0.990 
212	1	0.990 	0.880 	0.874 	0.803 
212	2	0.880 	0.990 	0.818 	0.800 
212	3	0.874 	0.818 	0.990 	0.834 
212	4	0.803 	0.800 	0.834 	0.990 
213	1	0.990 	0.898 	0.881 	0.881 
213	2	0.898 	0.990 	0.861 	0.861 
213	3	0.881 	0.861 	0.990 	0.874 
213	4	0.881 	0.861 	0.874 	0.990 
214	1	0.990 	0.905 	0.872 	0.908 
214	2	0.905 	0.990 	0.889 	0.887 
214	3	0.872 	0.889 	0.990 	0.839 
214	4	0.908 	0.887 	0.839 	0.990 
215	1	0.990 	0.861 	0.803 	0.855 
215	2	0.861 	0.990 	0.866 	0.810 
215	3	0.803 	0.866 	0.990 	0.781 
215	4	0.855 	0.810 	0.781 	0.990 
216	1	0.990 	0.765 	0.840 	0.773 
216	2	0.765 	0.990 	0.839 	0.818 
216	3	0.840 	0.839 	0.990 	0.855 
216	4	0.773 	0.818 	0.855 	0.990 
217	1	0.990 	0.881 	0.854 	0.854 
217	2	0.881 	0.990 	0.905 	0.860 
217	3	0.854 	0.905 	0.990 	0.874 
217	4	0.854 	0.860 	0.874 	0.990 
218	1	0.990 	0.817 	0.866 	0.861 
218	2	0.817 	0.990 	0.889 	0.844 
218	3	0.866 	0.889 	0.990 	0.854 
218	4	0.861 	0.844 	0.854 	0.990 
219	1	0.990 	0.881 	0.867 	0.814 
219	2	0.881 	0.990 	0.908 	0.866 
219	3	0.867 	0.908 	0.990 	0.844 
219	4	0.814 	0.866 	0.844 	0.990 
220	1	0.990 	0.830 	0.898 	0.867 
220	2	0.830 	0.990 	0.844 	0.835 
220	3	0.898 	0.844 	0.990 	0.889 
220	4	0.867 	0.835 	0.889 	0.990 
221	1	0.990 	0.866 	0.895 	0.849 
221	2	0.866 	0.990 	0.874 	0.881 
221	3	0.895 	0.874 	0.990 	0.898 
221	4	0.849 	0.881 	0.898 	0.990 
222	1	0.990 	0.907 	0.866 	0.872 
222	2	0.907 	0.990 	0.844 	0.905 
222	3	0.866 	0.844 	0.990 	0.881 
222	4	0.872 	0.905 	0.881 	0.990 
223	1	0.990 	0.844 	0.860 	0.907 
223	2	0.844 	0.990 	0.845 	0.866 
223	3	0.860 	0.845 	0.990 	0.839 
223	4	0.907 	0.866 	0.839 	0.990 
224	1	0.990 	0.860 	0.874 	0.951 
224	2	0.860 	0.990 	0.830 	0.866 
224	3	0.874 	0.830 	0.990 	0.881 
224	4	0.951 	0.866 	0.881 	0.990 
225	1	0.990 	0.887 	0.896 	0.872 
225	2	0.887 	0.990 	0.951 	0.818 
225	3	0.896 	0.951 	0.990 	0.814 
225	4	0.872 	0.818 	0.814 	0.990 
226	1	0.990 	0.844 	0.907 	0.830 
226	2	0.844 	0.990 	0.825 	0.881 
226	3	0.907 	0.825 	0.990 	0.814 
226	4	0.830 	0.881 	0.814 	0.990 
227	1	0.990 	0.793 	0.867 	0.872 
227	2	0.793 	0.990 	0.854 	0.797 
227	3	0.867 	0.854 	0.990 	0.879 
227	4	0.872 	0.797 	0.879 	0.990 
228	1	0.990 	0.887 	0.933 	0.881 
228	2	0.887 	0.990 	0.860 	0.854 
228	3	0.933 	0.860 	0.990 	0.919 
228	4	0.881 	0.854 	0.919 	0.990 
229	1	0.990 	0.839 	0.855 	0.874 
229	2	0.839 	0.990 	0.916 	0.905 
229	3	0.855 	0.916 	0.990 	0.951 
229	4	0.874 	0.905 	0.951 	0.990 
230	1	0.990 	0.889 	0.919 	0.919 
230	2	0.889 	0.990 	0.881 	0.881 
230	3	0.919 	0.881 	0.990 	0.990 
230	4	0.919 	0.881 	0.990 	0.990 
231	1	0.990 	0.827 	0.854 	0.908 
231	2	0.827 	0.990 	0.793 	0.855 
231	3	0.854 	0.793 	0.990 	0.854 
231	4	0.908 	0.855 	0.854 	0.990 
232	1	0.990 	0.907 	0.804 	0.839 
232	2	0.907 	0.990 	0.855 	0.860 
232	3	0.804 	0.855 	0.990 	0.826 
232	4	0.839 	0.860 	0.826 	0.990 
233	1	0.990 	0.879 	0.855 	0.905 
233	2	0.879 	0.990 	0.793 	0.898 
233	3	0.855 	0.793 	0.990 	0.834 
233	4	0.905 	0.898 	0.834 	0.990 
234	1	0.990 	0.839 	0.861 	0.861 
234	2	0.839 	0.990 	0.814 	0.814 
234	3	0.861 	0.814 	0.990 	0.990 
234	4	0.861 	0.814 	0.990 	0.990 
235	1	0.990 	0.898 	0.933 	0.908 
235	2	0.898 	0.990 	0.898 	0.881 
235	3	0.933 	0.898 	0.990 	0.933 
235	4	0.908 	0.881 	0.933 	0.990 
236	1	0.990 	0.919 	0.990 	0.831 
236	2	0.919 	0.990 	0.919 	0.826 
236	3	0.990 	0.919 	0.990 	0.831 
236	4	0.831 	0.826 	0.831 	0.990 
237	1	0.990 	0.908 	0.951 	0.850 
237	2	0.908 	0.990 	0.919 	0.874 
237	3	0.951 	0.919 	0.990 	0.855 
237	4	0.850 	0.874 	0.855 	0.990 
238	1	0.990 	0.905 	0.919 	0.874 
238	2	0.905 	0.990 	0.880 	0.860 
238	3	0.919 	0.880 	0.990 	0.898 
238	4	0.874 	0.860 	0.898 	0.990 
239	1	0.990 	0.826 	0.895 	0.860 
239	2	0.826 	0.990 	0.851 	0.919 
239	3	0.895 	0.851 	0.990 	0.881 
239	4	0.860 	0.919 	0.881 	0.990 
240	1	0.990 	0.916 	0.866 	0.896 
240	2	0.916 	0.990 	0.889 	0.933 
240	3	0.866 	0.889 	0.990 	0.874 
240	4	0.896 	0.933 	0.874 	0.990 
241	1	0.990 	0.855 	0.907 	0.796 
241	2	0.855 	0.990 	0.881 	0.793 
241	3	0.907 	0.881 	0.990 	0.843 
241	4	0.796 	0.793 	0.843 	0.990 
242	1	0.990 	0.933 	0.813 	0.861 
242	2	0.933 	0.990 	0.806 	0.831 
242	3	0.813 	0.806 	0.990 	0.839 
242	4	0.861 	0.831 	0.839 	0.990 
243	1	0.990 	0.849 	0.830 	0.879 
243	2	0.849 	0.990 	0.862 	0.898 
243	3	0.830 	0.862 	0.990 	0.868 
243	4	0.879 	0.898 	0.868 	0.990 
244	1	0.990 	0.849 	0.826 	0.881 
244	2	0.849 	0.990 	0.868 	0.866 
244	3	0.826 	0.868 	0.990 	0.887 
244	4	0.881 	0.866 	0.887 	0.990 
245	1	0.990 	0.879 	0.800 	0.861 
245	2	0.879 	0.990 	0.827 	0.866 
245	3	0.800 	0.827 	0.990 	0.860 
245	4	0.861 	0.866 	0.860 	0.990 
246	1	0.990 	0.826 	0.919 	0.919 
246	2	0.826 	0.990 	0.860 	0.839 
246	3	0.919 	0.860 	0.990 	0.933 
246	4	0.919 	0.839 	0.933 	0.990 
247	1	0.990 	0.872 	0.834 	0.839 
247	2	0.872 	0.990 	0.898 	0.889 
247	3	0.834 	0.898 	0.990 	0.855 
247	4	0.839 	0.889 	0.855 	0.990 
248	1	0.990 	0.839 	0.889 	0.898 
248	2	0.839 	0.990 	0.830 	0.880 
248	3	0.889 	0.830 	0.990 	0.919 
248	4	0.898 	0.880 	0.919 	0.990 
249	1	0.990 	0.849 	0.881 	0.898 
249	2	0.849 	0.990 	0.854 	0.866 
249	3	0.881 	0.854 	0.990 	0.933 
249	4	0.898 	0.866 	0.933 	0.990 
250	1	0.990 	0.872 	0.834 	0.839 
250	2	0.872 	0.990 	0.898 	0.889 
250	3	0.834 	0.898 	0.990 	0.855 
250	4	0.839 	0.889 	0.855 	0.990 
